filename,Normal_page_read_count,Multi-plane_one_shot_read_count,One_shot_read_count,Multi-plane_read_count,Multi-plane_SOML_read_count,SOML_read_count,Write_request_count,Write_request_average_size,Read_request_average_response_time,Write_request_average_response_time
"trace_seq_size8_time9000000_p[0.8, 0.2].out",37439,23,5209,6605,15072,210543,720243,11.18881,84179,130505
"trace_seq_size128_time9000_p[0.5, 0.5].out",143693,178243,123434,126706,206843,268292,450186,128.019348,109494051139,81982951838
"trace_seq_size32_time9000_p[0.5, 0.5].out",61699,39713,57214,76756,200888,110433,450036,32.02829,31828856697,8020776593
"trace_seq_size64_time900000_p[0.5, 0.5].out",362027,71,125607,43841,246696,543348,450143,63.991718,410668,736359
"trace_seq_size16_time9000_p[0.8, 0.2].out",25412,6167,25844,20605,77007,77803,719914,16.767281,14124349243,1758769580
"trace_seq_size32_time9000000_p[0.2, 0.8].out",299053,15,20892,30409,179494,933507,179726,31.975073,204255,533346
"trace_seq_size8_time90000_p[0.5, 0.5].out",39399,2291,22282,17756,63296,335513,449570,11.195022,216991,250295
"trace_seq_size8_time9000_p[0.2, 0.8].out",18401,19017,27116,21297,115564,77296,179878,11.185768,3791498593,1381984325
"trace_seq_size128_time900000_p[0.8, 0.2].out",161797,1817,134605,45256,74605,335647,719521,128.012115,739934,1178647
"trace_seq_size128_time90000000_p[0.8, 0.2].out",163378,1625,133653,44806,74400,338049,720456,127.995102,559755,1144516
"trace_seq_size8_time90000_p[0.2, 0.8].out",32859,1967,13414,13875,62654,520894,180431,11.166738,132580,301245
"trace_seq_size16_time9000000_p[0.8, 0.2].out",57080,27,7430,9026,28660,248522,719676,16.785879,114593,193013
"trace_seq_size128_time90000000_p[0.5, 0.5].out",418580,5859,339558,112367,125906,707271,449896,127.987587,567256,1268395
"trace_seq_size128_time90000000_p[0.2, 0.8].out",686405,12599,549988,180061,140796,865079,179818,128.003525,574310,1384788
"trace_seq_size32_time90000_p[0.2, 0.8].out",128261,36700,45087,57734,164470,282134,180356,31.986269,690181,784913
"trace_seq_size64_time9000000_p[0.2, 0.8].out",587036,0,216056,77497,313652,632334,179984,64.037712,357712,839993
"trace_seq_size32_time9000_p[0.8, 0.2].out",53626,8125,40318,34683,94222,104629,719940,32.006718,32188964425,6385517224
"trace_seq_size32_time90000000_p[0.8, 0.2].out",119641,16,9539,14548,56296,289238,719749,32.005428,192147,343406
"trace_seq_size128_time90000_p[0.5, 0.5].out",145865,177373,123338,127453,207605,271647,449907,127.986649,72917932073,54676427972
"trace_seq_size32_time90000_p[0.8, 0.2].out",59176,9244,35882,31604,86571,117121,720195,32.038418,1001832,510960
"trace_seq_size16_time90000_p[0.8, 0.2].out",48374,1145,15717,12634,44178,172547,720167,16.797518,448972,251631
"trace_seq_size32_time9000_p[0.2, 0.8].out",77566,58048,58306,64125,163436,147880,180480,31.983416,25176710187,7797295905
"trace_seq_size8_time9000000_p[0.5, 0.5].out",45544,594,14045,13885,51622,523321,449749,11.149608,91214,201713
"trace_seq_size64_time900000_p[0.8, 0.2].out",145228,7,46781,15250,116635,284004,720046,63.989944,413786,616900
"trace_seq_size128_time900000_p[0.5, 0.5].out",406406,8364,337489,114381,126464,686673,449564,128.003372,698229,1328144
"trace_seq_size8_time900000_p[0.5, 0.5].out",45303,559,14000,13933,52104,519636,450823,11.156033,106318,201376
"trace_seq_size8_time900000_p[0.8, 0.2].out",37335,24,5167,6686,15196,209236,721109,11.162263,97439,130125
"trace_seq_size16_time90000000_p[0.2, 0.8].out",89127,64,6488,17097,108990,897583,180143,16.835958,127396,362853
"trace_seq_size8_time90000000_p[0.8, 0.2].out",37327,29,5214,6775,15222,211864,719512,11.168679,84325,130582
"trace_seq_size16_time9000_p[0.2, 0.8].out",31526,28394,40783,32022,132669,103985,180318,16.769461,8821396872,2854982698
"trace_seq_size128_time9000_p[0.8, 0.2].out",105596,37644,95159,48583,108320,223196,719969,128.011856,117904954372,82761733336
"trace_seq_size16_time9000_p[0.5, 0.5].out",29995,22463,38383,43998,164064,87390,450719,16.798664,13412188543,2684822088
"trace_seq_size64_time90000000_p[0.5, 0.5].out",365911,0,126359,43345,248094,546987,450367,64.023773,348927,734467
"trace_seq_size128_time900000_p[0.2, 0.8].out",671025,16843,544778,181828,140293,844144,179873,128.001373,631252,1427853
"trace_seq_size8_time9000_p[0.5, 0.5].out",19445,16407,26501,28083,135198,70002,449295,11.180989,6657632914,1231643131
"trace_seq_size64_time90000000_p[0.8, 0.2].out",145818,0,46672,15253,117156,284717,720069,64.013161,339965,615970
"trace_seq_size32_time90000_p[0.5, 0.5].out",70970,36195,58178,77377,187107,132671,449569,32.035126,1999791,1098562
"trace_seq_size64_time90000000_p[0.2, 0.8].out",587032,0,215716,77628,313834,632192,180286,63.966087,357764,839884
"trace_seq_size32_time9000000_p[0.8, 0.2].out",124123,12,9400,15428,54936,285390,719753,32.022396,192373,343385
"trace_seq_size32_time90000000_p[0.2, 0.8].out",299540,18,20560,30763,178450,931429,180292,32.07019,203852,533411
"trace_seq_size8_time900000_p[0.2, 0.8].out",40776,162,6114,11733,73330,829319,180169,11.166296,106647,285512
"trace_seq_size16_time90000000_p[0.8, 0.2].out",56986,32,7331,9181,28532,247061,720215,16.771118,114321,192741
"trace_seq_size16_time900000_p[0.2, 0.8].out",88480,78,6572,17085,108762,894503,179279,16.807642,139279,362222
"trace_seq_size8_time90000_p[0.8, 0.2].out",35312,197,8442,7998,24504,167114,720238,11.17149,265258,145670
"trace_seq_size8_time90000000_p[0.2, 0.8].out",40720,111,6053,11910,73566,832339,180024,11.171506,98301,285071
"trace_seq_size128_time90000_p[0.8, 0.2].out",106291,37515,95429,48616,107873,224633,719737,128.021805,82012727640,57305672378
"trace_seq_size32_time900000_p[0.2, 0.8].out",297481,11,22223,30878,178564,922473,180205,32.019688,223664,533884
"trace_seq_size16_time9000000_p[0.5, 0.5].out",82250,315,15767,22364,80978,583233,450299,16.784006,120994,279336
"trace_seq_size32_time900000_p[0.8, 0.2].out",117604,20,9634,14268,56772,288661,720319,32.032887,233146,343178
"trace_seq_size64_time9000000_p[0.8, 0.2].out",145755,0,47156,15224,118230,284334,719682,63.984432,340112,616252
"trace_seq_size32_time9000000_p[0.5, 0.5].out",222817,58,20831,34764,140690,638258,450157,31.999844,198218,447259
"trace_seq_size128_time9000_p[0.2, 0.8].out",138962,266620,171867,286451,192449,190800,180908,127.977493,92414894001,73627080630
"trace_seq_size64_time90000_p[0.5, 0.5].out",95858,72187,70397,92326,297455,184511,450567,64.009445,23278864620,9712660619
"trace_seq_size64_time9000_p[0.2, 0.8].out",111562,107217,94555,155090,270284,148885,180116,63.964672,47650461820,22193933736
"trace_seq_size16_time9000000_p[0.2, 0.8].out",88511,64,6382,17246,108362,898389,180166,16.743074,127319,361180
"trace_seq_size128_time9000000_p[0.5, 0.5].out",420536,5946,339489,112208,126586,705722,449679,127.998535,567245,1268493
"trace_seq_size8_time90000000_p[0.5, 0.5].out",45252,581,13856,14259,52564,523184,449248,11.161341,91261,201947
"trace_seq_size16_time900000_p[0.8, 0.2].out",56932,41,7514,9085,28410,247133,719783,16.773561,135259,192861
"trace_seq_size32_time90000000_p[0.5, 0.5].out",222106,50,20905,34206,142030,640658,449838,32.041325,198405,448327
"trace_seq_size64_time9000_p[0.8, 0.2].out",79408,11469,47597,35878,161344,162764,719266,63.977142,61921611216,22706331580
"trace_seq_size64_time90000_p[0.2, 0.8].out",117831,105959,94883,153443,270790,153012,180337,64.032608,11669619762,5453172881
"trace_seq_size64_time9000000_p[0.5, 0.5].out",365691,0,127228,43038,249472,545992,449697,64.007889,349009,734674
"trace_seq_size16_time90000_p[0.5, 0.5].out",59353,7431,31730,30650,101764,297217,450037,16.798048,391834,379654
"trace_seq_size16_time90000_p[0.2, 0.8].out",60694,7123,19411,21365,88535,461641,180357,16.781401,226789,473356
"trace_seq_size128_time90000_p[0.2, 0.8].out",138760,267281,171866,287045,192247,190351,179721,128.020721,55758636806,44704198662
"trace_seq_size128_time9000000_p[0.2, 0.8].out",687049,12686,550424,180511,140138,865306,179340,128.004898,574460,1385624
"trace_seq_size8_time9000000_p[0.2, 0.8].out",40941,145,6000,11627,73258,831588,179939,11.169279,98252,284224
"trace_seq_size32_time900000_p[0.5, 0.5].out",221633,46,22068,35019,140328,630617,450345,32.057697,237276,448483
"trace_seq_size64_time90000_p[0.8, 0.2].out",78779,11370,48133,35179,160132,162932,720168,64.058281,25898570446,9491508715
"trace_seq_size64_time9000_p[0.5, 0.5].out",93357,73273,70152,92721,298380,182950,449503,64.059036,59482007323,24765922500
"trace_seq_size16_time90000000_p[0.5, 0.5].out",82592,270,15486,22349,81288,583669,449732,16.800346,120965,279279
"trace_seq_size128_time9000000_p[0.8, 0.2].out",163816,1620,134704,44895,74306,340529,719530,128.043121,560252,1145233
"trace_seq_size64_time900000_p[0.2, 0.8].out",580714,114,215262,78321,310635,626886,180132,63.986031,389076,842823
"trace_seq_size16_time900000_p[0.5, 0.5].out",81127,306,15643,22500,80498,579791,450375,16.770908,142994,278951
"trace_seq_size8_time9000_p[0.8, 0.2].out",17806,4011,16667,17543,65737,59584,719325,11.160923,7281636661,707067493
