filename,Normal_page_read_count,Multi-plane_one_shot_read_count,One_shot_read_count,Multi-plane_read_count,Multi-plane_SOML_read_count,SOML_read_count,Write_request_count,Write_request_average_size,Read_request_average_response_time,Write_request_average_response_time
"trace_random_size128_time9000000_p[0.8, 0.2].out",341247,133,28171,130356,165407,543436,719737,128.008774,567285,1156372
"trace_random_size64_time9000_p[0.8, 0.2].out",163575,86,10340,83084,339575,362839,720106,63.9977,85215925022,38180016008
"trace_random_size8_time9000_p[0.2, 0.8].out",12726,168,6077,15554,664476,379828,179519,11.167721,17185874019,3381481852
"trace_random_size16_time900000_p[0.2, 0.8].out",79811,0,85,9822,252229,895947,180108,16.774429,156207,425132
"trace_random_size32_time9000000_p[0.2, 0.8].out",320111,0,2428,29763,279232,924419,180970,32.027451,216293,545291
"trace_random_size8_time900000_p[0.5, 0.5].out",26063,0,5,12884,370719,617438,450001,11.166189,147941,387465
"trace_random_size32_time9000_p[0.5, 0.5].out",118492,157,11754,97804,563234,388258,449913,32.031696,45513886903,13928250024
"trace_random_size128_time9000000_p[0.2, 0.8].out",1391681,654,130105,438111,248587,830020,179717,128.004257,572481,1174312
"trace_random_size8_time90000_p[0.5, 0.5].out",19188,3,1033,19094,579699,399027,450113,11.167822,634763,521872
"trace_random_size64_time9000000_p[0.2, 0.8].out",836977,0,35003,103050,359801,795863,180070,64.042892,356496,774801
"trace_random_size64_time9000000_p[0.5, 0.5].out",514531,0,20781,83997,335196,643803,450214,63.985874,353908,772155
"trace_random_size8_time9000000_p[0.8, 0.2].out",29859,0,0,21163,430057,405455,719835,11.167713,110062,378087
"trace_random_size128_time90000_p[0.2, 0.8].out",522415,15759,205540,836631,439178,391735,180091,128.024612,72051003040,50049135029
"trace_random_size64_time90000_p[0.8, 0.2].out",165007,31,9472,82767,337674,366095,720381,64.035805,48989233339,22033410642
"trace_random_size16_time9000000_p[0.8, 0.2].out",51763,0,20,24203,368094,417952,719346,16.759941,138608,418823
"trace_random_size16_time90000000_p[0.8, 0.2].out",51887,0,21,24142,368441,418190,720102,16.768063,139190,419077
"trace_random_size64_time90000000_p[0.2, 0.8].out",836452,0,35688,103096,359807,796598,179127,64.029213,356590,775607
"trace_random_size32_time90000_p[0.8, 0.2].out",81526,1,1921,48214,411391,332850,719398,31.988335,18503141797,5664930105
"trace_random_size128_time900000_p[0.8, 0.2].out",334595,142,30364,130975,165804,542358,719998,128.051682,775247,1211984
"trace_random_size8_time900000_p[0.8, 0.2].out",29930,0,5,21309,428786,406378,719842,11.172153,164512,378376
"trace_random_size8_time9000000_p[0.5, 0.5].out",25888,0,1,12660,368747,619509,449311,11.164676,110453,386614
"trace_random_size128_time900000_p[0.2, 0.8].out",1393809,704,122427,449472,250682,826278,179527,127.967606,627493,1188204
"trace_random_size32_time90000000_p[0.5, 0.5].out",212263,0,1448,32428,337619,682181,450495,32.001141,214524,545810
"trace_random_size8_time90000000_p[0.8, 0.2].out",29553,0,1,21380,429824,405498,720237,11.162965,110197,377788
"trace_random_size64_time90000_p[0.2, 0.8].out",324199,3174,83085,386647,570134,367360,180391,64.064888,22847699962,10290866375
"trace_random_size128_time90000000_p[0.5, 0.5].out",839386,377,81678,297186,213083,715285,449211,128.014008,569601,1169981
"trace_random_size8_time90000_p[0.2, 0.8].out",20700,4,686,8289,385693,683246,179438,11.19777,328192,421437
"trace_random_size128_time90000_p[0.8, 0.2].out",261759,592,36835,172360,239235,435634,720085,128.002029,110696433046,77072430074
"trace_random_size64_time900000_p[0.2, 0.8].out",832855,3,35108,104609,362054,793427,180367,63.998028,385046,775298
"trace_random_size16_time9000000_p[0.5, 0.5].out",64636,0,42,18692,354996,650295,449979,16.772581,139165,431914
"trace_random_size64_time9000_p[0.2, 0.8].out",323045,3165,82785,386837,572478,367450,180257,63.976681,59191845879,26601926646
"trace_random_size64_time90000000_p[0.5, 0.5].out",517172,0,18617,83658,333794,648202,450614,63.96666,353791,772208
"trace_random_size16_time90000000_p[0.2, 0.8].out",79661,0,58,9697,250926,896879,179411,16.766605,140193,424991
"trace_random_size64_time900000_p[0.5, 0.5].out",514514,0,19750,85518,335753,644018,450034,63.980068,422699,773645
"trace_random_size64_time9000_p[0.5, 0.5].out",291708,595,35423,223125,471580,403387,450330,64.013229,73785024888,33120903949
"trace_random_size16_time9000000_p[0.2, 0.8].out",78893,0,77,9599,251237,898484,179335,16.777813,140269,426437
"trace_random_size16_time90000_p[0.8, 0.2].out",38991,0,582,34920,479934,296797,719890,16.768124,4817220462,1110480445
"trace_random_size16_time9000_p[0.2, 0.8].out",38978,380,12633,43320,683485,396667,180205,16.759462,22165621786,5081568822
"trace_random_size64_time900000_p[0.8, 0.2].out",217587,0,8648,43362,266511,467477,719920,64.013199,453893,760190
"trace_random_size16_time90000_p[0.2, 0.8].out",62804,27,3791,24146,457332,667003,179942,16.785379,437394,510716
"trace_random_size128_time900000_p[0.5, 0.5].out",829339,470,78286,306770,215470,710891,449898,128.013382,705030,1205642
"trace_random_size8_time9000_p[0.5, 0.5].out",15588,59,2681,22056,660610,311407,450114,11.176897,26976313520,5345571116
"trace_random_size128_time9000_p[0.8, 0.2].out",268124,615,33403,173334,238245,436458,720309,128.023239,147441417760,102310489941
"trace_random_size8_time90000000_p[0.5, 0.5].out",26059,0,3,12728,369568,618200,449988,11.174069,110427,386682
"trace_random_size128_time9000_p[0.2, 0.8].out",520418,15918,205155,835914,441173,391032,180770,128.020599,108526814482,75154508764
"trace_random_size32_time90000_p[0.2, 0.8].out",152773,422,25429,139650,633418,447947,180399,32.019722,1339617,1426795
"trace_random_size128_time9000_p[0.5, 0.5].out",492723,4321,106366,479604,346341,464270,449809,128.036697,130126801694,90186027352
"trace_random_size32_time900000_p[0.8, 0.2].out",110598,0,607,26005,314207,447437,720394,32.033688,281150,532718
"trace_random_size16_time9000_p[0.5, 0.5].out",38652,87,4929,40730,630673,341245,450960,16.7778,32191696081,7409934761
"trace_random_size16_time90000000_p[0.5, 0.5].out",64077,0,48,18471,356182,650456,450231,16.765198,139198,431156
"trace_random_size8_time9000000_p[0.2, 0.8].out",24527,0,5,4696,229013,845511,179933,11.163061,111117,374013
"trace_random_size64_time90000_p[0.5, 0.5].out",290875,435,35311,224901,472844,402787,449703,64.019295,37393703075,16785311293
"trace_random_size32_time90000000_p[0.8, 0.2].out",110619,0,591,25727,315427,447477,720123,32.008244,213552,532534
"trace_random_size32_time90000_p[0.5, 0.5].out",120828,65,10753,97374,562460,390964,450083,32.061871,9927756654,3031841671
"trace_random_size16_time90000_p[0.5, 0.5].out",41481,23,3656,39109,606824,370153,449961,16.75157,947662,870491
"trace_random_size8_time9000_p[0.8, 0.2].out",22705,4,370,27781,551474,277221,719683,11.156126,34648595042,6875511991
"trace_random_size32_time9000000_p[0.5, 0.5].out",212321,0,1441,32243,337382,684452,450066,31.999882,214655,546020
"trace_random_size128_time9000000_p[0.5, 0.5].out",858028,373,70126,302811,215286,717024,449483,127.974159,569244,1170602
"trace_random_size64_time90000000_p[0.8, 0.2].out",219337,0,8469,42837,266006,468645,719762,63.998981,352103,758949
"trace_random_size16_time900000_p[0.8, 0.2].out",51489,0,20,24164,368517,418953,719129,16.768852,193367,418934
"trace_random_size128_time90000_p[0.5, 0.5].out",505975,3920,96867,487896,345900,465873,449576,128.03746,93666645181,64889037469
"trace_random_size32_time9000_p[0.2, 0.8].out",137513,880,29667,149122,651561,410371,180352,32.018784,34449644680,10502091765
"trace_random_size32_time90000000_p[0.2, 0.8].out",320018,0,2412,29944,278400,925861,179552,32.011681,216222,545672
"trace_random_size16_time9000_p[0.8, 0.2].out",38700,26,862,35305,481043,294551,720330,16.781389,39917477749,9193700175
"trace_random_size128_time90000000_p[0.2, 0.8].out",1390111,674,130773,437355,248590,828283,180098,127.959946,572320,1173272
"trace_random_size64_time9000000_p[0.8, 0.2].out",219113,0,8156,42701,265587,468414,719713,63.988636,351875,758281
"trace_random_size128_time90000000_p[0.8, 0.2].out",342151,130,27927,130813,165537,545205,719266,128.005951,566367,1156809
"trace_random_size16_time900000_p[0.5, 0.5].out",65123,0,59,18669,357454,649514,449509,16.787197,176925,432208
"trace_random_size8_time900000_p[0.2, 0.8].out",24468,0,8,4736,232526,841476,181057,11.15911,126181,373854
"trace_random_size32_time900000_p[0.2, 0.8].out",319335,0,2369,30374,281133,923575,179649,32.031483,235260,546633
"trace_random_size32_time9000000_p[0.8, 0.2].out",110281,0,536,25943,315064,447281,720394,32.055885,213519,532323
"trace_random_size8_time90000000_p[0.2, 0.8].out",24472,0,0,4770,229974,844294,180078,11.171837,111119,374259
"trace_random_size8_time90000_p[0.8, 0.2].out",23232,0,213,27435,549689,279429,719791,11.153673,1207094926,239572819
"trace_random_size32_time9000_p[0.8, 0.2].out",80718,23,2248,48590,411088,331858,719802,32.016338,54012335348,16574414794
"trace_random_size32_time900000_p[0.5, 0.5].out",212066,0,1591,32831,338036,681261,450266,32.057007,260939,546993
