filename,Normal_page_read_count,Multi-plane_one_shot_read_count,One_shot_read_count,Multi-plane_read_count,Multi-plane_SOML_read_count,SOML_read_count,Write_request_count,Write_request_average_size,Read_request_average_response_time,Write_request_average_response_time
"trace_seq_size8_time9000000_p[0.8, 0.2].out",24968,0,1074,18561,58980,167744,720243,11.18881,79684,131478
"trace_seq_size128_time9000_p[0.5, 0.5].out",191744,1858,114610,587658,199660,398972,450186,128.022263,116627801242,75853155308
"trace_seq_size32_time9000_p[0.5, 0.5].out",59919,158,22243,134159,396049,148399,450036,32.029709,32293162379,7969936250
"trace_seq_size64_time900000_p[0.5, 0.5].out",111221,0,4509,359188,170846,602722,450143,63.991653,369175,720277
"trace_seq_size16_time9000_p[0.8, 0.2].out",23722,5,3318,37596,148809,78351,719914,16.767021,13494653783,1675829001
"trace_seq_size32_time9000000_p[0.2, 0.8].out",182997,0,1426,148027,640856,411470,179726,31.975073,179009,556972
"trace_seq_size8_time90000_p[0.5, 0.5].out",21374,0,8548,36840,176746,263922,449570,11.195363,212415,215936
"trace_seq_size8_time9000_p[0.2, 0.8].out",8293,154,13456,31626,269497,73460,179878,11.185862,3317505418,1165751965
"trace_seq_size128_time900000_p[0.8, 0.2].out",108702,0,15812,266441,41412,347232,719521,128.013794,655706,1046667
"trace_seq_size128_time90000000_p[0.8, 0.2].out",109002,0,15558,265160,40952,349200,720456,127.995102,502916,1045689
"trace_seq_size8_time90000_p[0.2, 0.8].out",17440,3,4894,27709,214887,415582,180431,11.166521,135912,322972
"trace_seq_size16_time9000000_p[0.8, 0.2].out",37771,0,1576,26747,114271,164511,719676,16.785879,104991,193859
"trace_seq_size128_time90000000_p[0.5, 0.5].out",277735,0,42483,673061,106050,672965,449896,127.987587,510361,1133727
"trace_seq_size128_time90000000_p[0.2, 0.8].out",450710,0,73871,1091367,99410,823493,179818,128.003525,517661,1222601
"trace_seq_size32_time90000_p[0.2, 0.8].out",81332,27,20545,147127,375297,236480,180356,31.986221,575971,709829
"trace_seq_size64_time9000000_p[0.2, 0.8].out",170633,0,1390,598642,184698,779403,179984,64.037712,309015,817027
"trace_seq_size32_time9000_p[0.8, 0.2].out",49910,18,3859,66956,197240,98936,719940,32.006836,31185922654,6134142277
"trace_seq_size32_time90000000_p[0.8, 0.2].out",77780,0,1491,50436,202374,137489,719749,32.005428,168614,342284
"trace_seq_size128_time90000_p[0.5, 0.5].out",191131,1770,113772,589854,200452,399289,449907,127.986702,80201787352,52259820597
"trace_seq_size32_time90000_p[0.8, 0.2].out",58140,1,3162,60444,191896,108922,720195,32.038578,869091,422704
"trace_seq_size16_time90000_p[0.8, 0.2].out",34744,0,2094,28510,116686,130414,720167,16.797657,429759,196064
"trace_seq_size32_time9000_p[0.2, 0.8].out",55456,415,36018,153357,416763,155875,180480,31.983566,23450499803,6945752928
"trace_seq_size8_time9000000_p[0.5, 0.5].out",26174,0,7292,33841,178558,399681,449749,11.149608,85820,210853
"trace_seq_size64_time900000_p[0.8, 0.2].out",46019,0,1942,138496,69054,318724,720046,63.989941,370817,605196
"trace_seq_size128_time900000_p[0.5, 0.5].out",273471,0,43244,672412,106390,657083,449564,128.00209,634267,1138919
"trace_seq_size8_time900000_p[0.5, 0.5].out",26257,0,7021,33914,179243,395795,450823,11.155959,103970,210226
"trace_seq_size8_time900000_p[0.8, 0.2].out",24702,0,1154,18564,58835,166660,721109,11.161793,94786,131016
"trace_seq_size16_time90000000_p[0.2, 0.8].out",57681,0,2567,42897,457096,541491,180143,16.835958,115707,392407
"trace_seq_size8_time90000000_p[0.8, 0.2].out",24551,0,1129,18844,59918,168240,719512,11.168679,79755,131492
"trace_seq_size16_time9000_p[0.2, 0.8].out",16302,169,18804,55051,347166,102680,180318,16.769644,7796879709,2422916932
"trace_seq_size128_time9000_p[0.8, 0.2].out",93172,119,26884,255745,78678,281281,719969,128.011856,120074037934,76073537973
"trace_seq_size16_time9000_p[0.5, 0.5].out",23689,207,17491,66553,312449,98912,450719,16.798763,13341500796,2634243294
"trace_seq_size64_time90000000_p[0.5, 0.5].out",110663,0,3853,360715,172414,610698,450367,64.023773,301995,719943
"trace_seq_size128_time900000_p[0.2, 0.8].out",445652,0,75288,1087585,99610,807936,179873,128.001373,578233,1229475
"trace_seq_size8_time9000_p[0.5, 0.5].out",13782,227,13436,42940,249186,69554,449295,11.18077,6516350089,1194574369
"trace_seq_size64_time90000000_p[0.8, 0.2].out",45378,0,1900,139185,68450,320317,720069,64.013161,294905,605331
"trace_seq_size32_time90000_p[0.5, 0.5].out",64724,135,20818,136658,381312,157213,449569,32.034267,2782616,1364777
"trace_seq_size64_time90000000_p[0.2, 0.8].out",170539,0,1306,598658,183824,779872,180286,63.966087,309167,816424
"trace_seq_size32_time9000000_p[0.8, 0.2].out",79926,0,1512,52393,200066,134267,719753,32.022396,168733,342288
"trace_seq_size32_time90000000_p[0.2, 0.8].out",183781,0,1435,147518,639120,410510,180292,32.07019,178694,556010
"trace_seq_size8_time900000_p[0.2, 0.8].out",23417,2,3428,25786,285533,615572,180169,11.166282,103383,311416
"trace_seq_size16_time90000000_p[0.8, 0.2].out",37678,0,1505,26804,113188,164144,720215,16.771118,104790,193475
"trace_seq_size16_time900000_p[0.2, 0.8].out",56981,0,2675,42751,457617,538304,179279,16.807732,131723,391644
"trace_seq_size8_time90000_p[0.8, 0.2].out",23679,0,1425,19254,68172,135275,720238,11.171214,262945,131993
"trace_seq_size8_time90000000_p[0.2, 0.8].out",23466,0,3394,25691,285184,619083,180024,11.171506,91982,311370
"trace_seq_size128_time90000_p[0.8, 0.2].out",93014,74,26834,256199,79389,282083,719737,128.018936,84155536543,53041842227
"trace_seq_size32_time900000_p[0.2, 0.8].out",181244,0,1407,148547,635816,408662,180205,32.019688,204015,557145
"trace_seq_size16_time9000000_p[0.5, 0.5].out",52234,1,7506,50331,296805,368161,450299,16.784006,110334,290719
"trace_seq_size32_time900000_p[0.8, 0.2].out",75719,0,1466,50077,203002,137392,720319,32.032658,210101,342015
"trace_seq_size64_time9000000_p[0.8, 0.2].out",46262,0,1858,138882,69268,321367,719682,63.984432,294984,605451
"trace_seq_size32_time9000000_p[0.5, 0.5].out",142570,0,5151,111610,461336,291563,450157,31.999844,173909,457370
"trace_seq_size128_time9000_p[0.2, 0.8].out",216783,11710,264342,829990,174923,311333,180908,127.977501,97911615212,66064029767
"trace_seq_size64_time90000_p[0.5, 0.5].out",95263,202,39882,309553,264432,312228,450567,64.009392,26128505092,10348642828
"trace_seq_size64_time9000_p[0.2, 0.8].out",118405,2355,99332,435061,219555,258294,180116,63.964943,50018316734,21429636938
"trace_seq_size16_time9000000_p[0.2, 0.8].out",57112,0,2643,42774,457182,541535,180166,16.743074,115632,390828
"trace_seq_size128_time9000000_p[0.5, 0.5].out",276195,0,42501,674749,106640,671570,449679,127.998535,510403,1135172
"trace_seq_size8_time90000000_p[0.5, 0.5].out",26223,0,7280,33636,179344,399905,449248,11.161341,85875,211165
"trace_seq_size16_time900000_p[0.8, 0.2].out",37277,0,1573,26972,113442,164058,719783,16.774124,127230,193660
"trace_seq_size32_time90000000_p[0.5, 0.5].out",141550,1,5251,111291,463993,292345,449838,32.041325,174114,458144
"trace_seq_size64_time9000_p[0.8, 0.2].out",43723,32,7703,133238,120096,233007,719266,63.977119,61748081313,21993726877
"trace_seq_size64_time90000_p[0.2, 0.8].out",120220,2103,96702,438140,219011,261051,180337,64.031898,13957249129,6011950147
"trace_seq_size64_time9000000_p[0.5, 0.5].out",110611,0,3828,360921,172872,612111,449697,64.007889,302040,719258
"trace_seq_size16_time90000_p[0.5, 0.5].out",37102,1,10939,56935,254341,229652,450037,16.797966,351424,305062
"trace_seq_size16_time90000_p[0.2, 0.8].out",35515,2,6189,46635,281899,352427,180357,16.781425,204814,423189
"trace_seq_size128_time90000_p[0.2, 0.8].out",215801,12198,266383,828061,175241,310824,179721,128.02005,61241138354,41536607118
"trace_seq_size128_time9000000_p[0.2, 0.8].out",451476,0,73705,1092536,99402,823839,179340,128.004898,517592,1222722
"trace_seq_size8_time9000000_p[0.2, 0.8].out",23733,1,3495,25455,283422,619376,179939,11.169279,91964,310314
"trace_seq_size32_time900000_p[0.5, 0.5].out",141849,0,5260,111612,458156,290188,450345,32.056465,218393,458164
"trace_seq_size64_time90000_p[0.8, 0.2].out",43684,8,7535,132787,118578,234050,720168,64.055664,25670913521,9145315138
"trace_seq_size64_time9000_p[0.5, 0.5].out",95244,280,40825,309358,266182,311173,449503,64.057327,62286343186,24635229068
"trace_seq_size16_time90000000_p[0.5, 0.5].out",52012,0,7660,50303,296694,368040,449732,16.800346,110250,290756
"trace_seq_size128_time9000000_p[0.8, 0.2].out",109522,0,15617,266706,41838,350652,719530,128.043121,502590,1046223
"trace_seq_size64_time900000_p[0.2, 0.8].out",172070,0,2253,595758,183338,767756,180132,63.986115,344743,818915
"trace_seq_size16_time900000_p[0.5, 0.5].out",51223,0,7461,50545,295135,365294,450375,16.771269,136321,290160
"trace_seq_size8_time9000_p[0.8, 0.2].out",16052,10,2765,26643,114667,60023,719325,11.160956,6920955239,671069262
