filename,Normal_page_read_count,Multi-plane_one_shot_read_count,One_shot_read_count,Multi-plane_read_count,Multi-plane_SOML_read_count,SOML_read_count,Write_request_count,Write_request_average_size,Read_request_average_response_time,Write_request_average_response_time
"trace_seq_size8_time9000000_p[0.8, 0.2].out",28236,0,1114,17551,13400,211950,720243,11.18881,76985,131076
"trace_seq_size128_time9000_p[0.5, 0.5].out",461306,311,62803,501522,434729,246358,450186,128.022369,114677922752,64807880625
"trace_seq_size32_time9000_p[0.5, 0.5].out",75400,68,14727,127733,350367,218260,450036,32.029877,32248530395,7593488853
"trace_seq_size64_time900000_p[0.5, 0.5].out",615188,0,2369,1132,178888,814790,450143,63.991653,311117,667109
"trace_seq_size16_time9000_p[0.8, 0.2].out",29485,4,2085,36782,123620,104063,719914,16.767851,13575719454,1660394383
"trace_seq_size32_time9000000_p[0.2, 0.8].out",301462,2,1713,33450,62392,1099752,179726,31.975073,148520,538922
"trace_seq_size8_time90000_p[0.5, 0.5].out",24055,0,7190,37513,95621,354004,449570,11.195098,213032,219569
"trace_seq_size8_time9000_p[0.2, 0.8].out",8060,35,8500,34158,205404,157270,179878,11.185922,3216610880,1074703088
"trace_seq_size128_time900000_p[0.8, 0.2].out",561976,0,858,30411,279624,174840,719521,128.013672,602849,917777
"trace_seq_size128_time90000000_p[0.8, 0.2].out",564759,0,778,27442,280298,173873,720456,127.995102,273327,919123
"trace_seq_size8_time90000_p[0.2, 0.8].out",21397,4,3609,27500,84068,567593,180431,11.166587,134467,320789
"trace_seq_size16_time9000000_p[0.8, 0.2].out",45547,0,1486,23830,19725,257385,719676,16.785879,98544,192448
"trace_seq_size128_time90000000_p[0.5, 0.5].out",1425589,0,2912,91010,597892,316083,449896,127.987587,277535,1017214
"trace_seq_size128_time90000000_p[0.2, 0.8].out",2299100,0,649,181985,770530,342417,179818,128.003525,281735,1101638
"trace_seq_size32_time90000_p[0.2, 0.8].out",170656,4,11921,93130,220672,468377,180356,31.986233,510562,663527
"trace_seq_size64_time9000000_p[0.2, 0.8].out",1044218,1,655,0,118674,1171329,179984,64.037712,185604,763766
"trace_seq_size32_time9000_p[0.8, 0.2].out",66921,10,2714,55747,146528,159544,719940,32.006836,31257269905,5946477743
"trace_seq_size32_time90000000_p[0.8, 0.2].out",109249,0,1303,24734,42782,317580,719749,32.005428,143508,333363
"trace_seq_size128_time90000_p[0.5, 0.5].out",463391,266,62395,501706,436020,245628,449907,127.986732,78131764889,44228263986
"trace_seq_size32_time90000_p[0.8, 0.2].out",77851,1,2153,47075,129347,182265,720195,32.039421,1001714,425008
"trace_seq_size16_time90000_p[0.8, 0.2].out",42156,0,1513,26247,51211,196825,720167,16.798157,443965,201831
"trace_seq_size32_time9000_p[0.2, 0.8].out",87568,75,25895,140462,330404,266284,180480,31.983402,22328513971,6340291391
"trace_seq_size8_time9000000_p[0.5, 0.5].out",28683,1,7094,34474,46375,528681,449749,11.149608,82495,207778
"trace_seq_size64_time900000_p[0.8, 0.2].out",233362,0,519,102,75844,406505,720046,63.98988,333680,560796
"trace_seq_size128_time900000_p[0.5, 0.5].out",1382808,0,2874,111722,586682,317790,449564,128.003372,530881,1016798
"trace_seq_size8_time900000_p[0.5, 0.5].out",28696,0,7016,34310,46143,525782,450823,11.156095,102161,207367
"trace_seq_size8_time900000_p[0.8, 0.2].out",28046,0,1218,17391,13032,211304,721109,11.162107,91817,130672
"trace_seq_size16_time90000000_p[0.2, 0.8].out",71390,6,2953,32409,42116,962549,180143,16.835958,107321,383659
"trace_seq_size8_time90000000_p[0.8, 0.2].out",28305,0,1168,17708,13160,213396,719512,11.168679,77026,131187
"trace_seq_size16_time9000_p[0.2, 0.8].out",19648,53,13081,56763,272726,193605,180318,16.76963,7377819067,2202437996
"trace_seq_size128_time9000_p[0.8, 0.2].out",346391,49,5700,140886,246095,157312,719969,128.009445,117831231237,63403635837
"trace_seq_size16_time9000_p[0.5, 0.5].out",23916,51,10235,71978,283858,143140,450719,16.79883,13319385592,2535932822
"trace_seq_size64_time90000000_p[0.5, 0.5].out",619073,0,2326,0,173598,827114,450367,64.023773,184047,666423
"trace_seq_size128_time900000_p[0.2, 0.8].out",2233182,0,689,211348,758336,344858,179873,128.00148,400332,1105387
"trace_seq_size8_time9000_p[0.5, 0.5].out",13162,36,7583,46787,227749,107219,449295,11.18089,6530101178,1158160187
"trace_seq_size64_time90000000_p[0.8, 0.2].out",234228,0,500,0,75174,407313,720069,64.013161,182383,559165
"trace_seq_size32_time90000_p[0.5, 0.5].out",83324,45,13717,127412,325118,239299,449569,32.034801,2486367,1221955
"trace_seq_size64_time90000000_p[0.2, 0.8].out",1043543,0,647,0,119064,1170924,180286,63.966087,185643,765142
"trace_seq_size32_time9000000_p[0.8, 0.2].out",112954,0,1263,25991,40530,314325,719753,32.022396,143518,333622
"trace_seq_size32_time90000000_p[0.2, 0.8].out",300632,3,1676,34136,61674,1097129,180292,32.07019,148375,539115
"trace_seq_size8_time900000_p[0.2, 0.8].out",26708,11,3640,24461,42061,857629,180169,11.166403,100776,304493
"trace_seq_size16_time90000000_p[0.8, 0.2].out",45408,0,1517,23958,19252,256003,720215,16.771118,98405,191966
"trace_seq_size16_time900000_p[0.2, 0.8].out",70805,2,2932,32308,41419,960779,179279,16.807735,126625,383500
"trace_seq_size8_time90000_p[0.8, 0.2].out",27122,0,1118,18295,27070,177647,720238,11.171179,261876,134964
"trace_seq_size8_time90000000_p[0.2, 0.8].out",26559,5,3631,24396,41973,861045,180024,11.171506,88037,304821
"trace_seq_size128_time90000_p[0.8, 0.2].out",347838,0,5347,141160,246730,157795,719737,128.021805,81801862579,43887048657
"trace_seq_size32_time900000_p[0.2, 0.8].out",299861,1,1689,34315,61718,1092024,180205,32.019505,183626,540732
"trace_seq_size16_time9000000_p[0.5, 0.5].out",59994,0,7825,46861,52833,610359,450299,16.784006,102906,284197
"trace_seq_size32_time900000_p[0.8, 0.2].out",108082,0,1235,23756,44016,317275,720319,32.033054,205346,333318
"trace_seq_size64_time9000000_p[0.8, 0.2].out",234533,0,501,0,74770,409430,719682,63.984432,182422,560560
"trace_seq_size32_time9000000_p[0.5, 0.5].out",205580,1,5665,49619,93632,718693,450157,31.999844,146032,439159
"trace_seq_size128_time9000_p[0.2, 0.8].out",375724,1998,217112,795283,412156,199367,180908,127.977516,96101002941,57048140291
"trace_seq_size64_time90000_p[0.5, 0.5].out",195696,24,24259,220165,414883,297051,450567,64.0093,25383451583,9245666459
"trace_seq_size64_time9000_p[0.2, 0.8].out",218407,174,72405,343048,393469,266050,180116,63.964855,48717840414,19524368092
"trace_seq_size16_time9000000_p[0.2, 0.8].out",70603,3,2878,32588,41910,962965,180166,16.743074,107240,381663
"trace_seq_size128_time9000000_p[0.5, 0.5].out",1427009,0,2880,91311,596328,316808,449679,127.998535,277521,1016044
"trace_seq_size8_time90000000_p[0.5, 0.5].out",28918,0,7033,34307,46525,529423,449248,11.161341,82552,207770
"trace_seq_size16_time900000_p[0.8, 0.2].out",45329,0,1424,24127,19574,255978,719783,16.774065,125228,192067
"trace_seq_size32_time90000000_p[0.5, 0.5].out",205482,1,5682,48484,96398,720326,449838,32.041325,146138,439408
"trace_seq_size64_time9000_p[0.8, 0.2].out",135948,17,2407,62893,177269,242530,719266,63.977119,61185873012,19999706492
"trace_seq_size64_time90000_p[0.2, 0.8].out",233876,102,70080,337126,388547,275953,180337,64.031876,12669937162,5067707587
"trace_seq_size64_time9000000_p[0.5, 0.5].out",619285,0,2285,0,173884,828898,449697,64.007889,184008,667083
"trace_seq_size16_time90000_p[0.5, 0.5].out",44499,0,7512,56481,149410,348898,450037,16.798092,360566,308595
"trace_seq_size16_time90000_p[0.2, 0.8].out",52854,4,2937,41304,116009,558611,180357,16.781202,206416,414886
"trace_seq_size128_time90000_p[0.2, 0.8].out",376981,2143,217978,794828,412549,199462,179721,128.02005,59477390154,35480331332
"trace_seq_size128_time9000000_p[0.2, 0.8].out",2301006,0,649,182484,770382,342604,179340,128.004898,281704,1101812
"trace_seq_size8_time9000000_p[0.2, 0.8].out",26991,8,3533,24201,41927,859972,179939,11.169279,88033,303937
"trace_seq_size32_time900000_p[0.5, 0.5].out",205068,0,5828,50000,93348,713360,450345,32.056667,209265,440611
"trace_seq_size64_time90000_p[0.8, 0.2].out",136432,1,2148,61699,176834,243685,720168,64.060562,25159592094,8218779784
"trace_seq_size64_time9000_p[0.5, 0.5].out",191655,65,25387,221978,418385,293760,449503,64.058647,61624424414,22377541376
"trace_seq_size16_time90000000_p[0.5, 0.5].out",59628,0,7723,47208,52147,610972,449732,16.800346,102833,283824
"trace_seq_size128_time9000000_p[0.8, 0.2].out",567563,0,845,27970,282300,173937,719530,128.043121,273442,918363
"trace_seq_size64_time900000_p[0.2, 0.8].out",1038820,0,624,1744,127234,1150785,180132,63.985661,250152,765988
"trace_seq_size16_time900000_p[0.5, 0.5].out",59079,0,7635,47091,52937,606095,450375,16.771227,134822,283893
"trace_seq_size8_time9000_p[0.8, 0.2].out",19047,1,1587,26290,101308,75512,719325,11.160857,6963412916,669159914
