filename,Normal_page_read_count,Multi-plane_one_shot_read_count,One_shot_read_count,Multi-plane_read_count,Multi-plane_SOML_read_count,SOML_read_count,Write_request_count,Write_request_average_size,Read_request_average_response_time,Write_request_average_response_time
"trace_random_size128_time9000000_p[0.8, 0.2].out",273106,0,57,210137,85848,616715,719737,128.008774,375214,1061896
"trace_random_size64_time9000_p[0.8, 0.2].out",135645,27,339,118239,310203,380187,720106,63.99715,78462776648,35881145382
"trace_random_size8_time9000_p[0.2, 0.8].out",12001,53,2155,16692,723297,331909,179519,11.167615,17931940914,3648595577
"trace_random_size16_time900000_p[0.2, 0.8].out",82604,0,0,7522,203758,946476,180108,16.774471,139713,404407
"trace_random_size32_time9000000_p[0.2, 0.8].out",296426,0,0,55923,252834,929458,180970,32.027451,178281,531782
"trace_random_size8_time900000_p[0.5, 0.5].out",33845,0,0,5878,204711,789691,450001,11.166206,133838,364081
"trace_random_size32_time9000_p[0.5, 0.5].out",88163,107,2411,130107,630350,315187,449913,32.031219,41930142051,13275020851
"trace_random_size128_time9000000_p[0.2, 0.8].out",807155,0,20,953964,88767,936839,179717,128.004257,375355,1080715
"trace_random_size8_time90000_p[0.5, 0.5].out",22670,0,10,16257,527019,456987,450113,11.167957,683008,571380
"trace_random_size64_time9000000_p[0.2, 0.8].out",624567,0,4,310767,94195,963446,180070,64.042892,265567,771435
"trace_random_size64_time9000000_p[0.5, 0.5].out",428876,0,4,179886,105025,830179,450214,63.985874,264210,771993
"trace_random_size8_time9000000_p[0.8, 0.2].out",43487,0,0,9222,229349,616417,719835,11.167713,103280,354391
"trace_random_size128_time90000_p[0.2, 0.8].out",239405,3180,100417,1158547,462836,398098,180091,128.0242,63923693345,40104202202
"trace_random_size64_time90000_p[0.8, 0.2].out",135634,0,22,118517,308110,382066,720381,64.035835,42253981668,19352153047
"trace_random_size16_time9000000_p[0.8, 0.2].out",67818,0,0,10457,188896,608640,719346,16.759941,125145,402785
"trace_random_size16_time90000000_p[0.8, 0.2].out",67872,0,0,10491,187845,610165,720102,16.768063,125566,403023
"trace_random_size64_time90000000_p[0.2, 0.8].out",626314,0,1,310379,94052,964987,179127,64.029213,265517,772141
"trace_random_size32_time90000_p[0.8, 0.2].out",73915,0,1,56340,414175,327187,719398,31.988371,14925654039,4726563514
"trace_random_size128_time900000_p[0.8, 0.2].out",274006,0,6,209406,87960,615853,719998,128.050018,693430,1125815
"trace_random_size8_time900000_p[0.8, 0.2].out",43595,0,0,9408,229564,615752,719842,11.172005,148318,361102
"trace_random_size8_time9000000_p[0.5, 0.5].out",33781,0,0,5592,203041,791454,449311,11.164676,103356,359053
"trace_random_size128_time900000_p[0.2, 0.8].out",807021,0,14,954406,91884,933458,179527,127.967583,454403,1102103
"trace_random_size32_time90000000_p[0.5, 0.5].out",211773,0,0,35418,212112,806542,450495,32.001141,177784,535707
"trace_random_size8_time90000000_p[0.8, 0.2].out",43415,0,0,9249,228289,617431,720237,11.162965,103362,354058
"trace_random_size64_time90000_p[0.2, 0.8].out",161409,331,36910,559362,576308,334129,180391,64.065384,18089983398,8285868754
"trace_random_size128_time90000000_p[0.5, 0.5].out",591425,0,41,555187,96966,810533,449211,128.014008,376119,1075656
"trace_random_size8_time90000_p[0.2, 0.8].out",22786,0,17,6410,321679,750961,179438,11.197894,343263,485242
"trace_random_size128_time90000_p[0.8, 0.2].out",204582,0,463,257786,233819,440048,720085,128.002029,96943297531,61049593506
"trace_random_size64_time900000_p[0.2, 0.8].out",624685,0,5,309690,95543,963269,180367,63.998028,304747,781806
"trace_random_size16_time9000000_p[0.5, 0.5].out",75270,0,0,9414,208053,805281,449979,16.772581,125213,410506
"trace_random_size64_time9000_p[0.2, 0.8].out",160285,515,39022,557152,576205,333036,180257,63.976543,54463054326,24978203222
"trace_random_size64_time90000000_p[0.5, 0.5].out",427761,0,1,179795,104548,830432,450614,63.96666,264288,770726
"trace_random_size16_time90000000_p[0.2, 0.8].out",82246,0,0,7559,201989,947680,179411,16.766605,125269,401421
"trace_random_size64_time900000_p[0.5, 0.5].out",427826,0,2,181159,106956,827464,450034,63.980049,364736,797706
"trace_random_size64_time9000_p[0.5, 0.5].out",190278,119,6503,331777,473424,375284,450330,64.012932,67492760343,30867052634
"trace_random_size16_time9000000_p[0.2, 0.8].out",81419,0,0,7533,202153,949406,179335,16.777813,125365,402051
"trace_random_size16_time90000_p[0.8, 0.2].out",39149,0,0,35535,478233,298850,719890,16.768148,2752829973,656819785
"trace_random_size16_time9000_p[0.2, 0.8].out",32754,115,5186,51153,774577,320053,180205,16.759258,22306019035,5299745730
"trace_random_size64_time900000_p[0.8, 0.2].out",200616,0,0,69508,96369,628242,719920,64.014328,423057,796405
"trace_random_size16_time90000_p[0.2, 0.8].out",63788,0,562,24240,435559,697457,179942,16.785364,458895,582304
"trace_random_size128_time900000_p[0.5, 0.5].out",589215,0,57,555552,101606,804824,449898,128.010422,577655,1124715
"trace_random_size8_time9000_p[0.5, 0.5].out",14633,38,857,23521,707888,267746,450114,11.17707,25373646950,5186950773
"trace_random_size128_time9000_p[0.8, 0.2].out",204847,169,782,256344,233629,438872,720309,128.018951,133621192071,83918354936
"trace_random_size8_time90000000_p[0.5, 0.5].out",33718,0,0,5927,202210,791505,449988,11.174069,103423,359441
"trace_random_size128_time9000_p[0.2, 0.8].out",238946,2978,99339,1159077,463914,398523,180770,128.01976,100444542137,63116198869
"trace_random_size32_time90000_p[0.2, 0.8].out",129658,9,9927,173470,670515,415302,180399,32.01963,1008875,933957
"trace_random_size128_time9000_p[0.5, 0.5].out",305915,541,20290,706375,378751,446033,449809,128.037842,118245949719,74084402525
"trace_random_size32_time900000_p[0.8, 0.2].out",120519,0,0,18261,158057,610975,720394,32.033577,261344,544463
"trace_random_size16_time9000_p[0.5, 0.5].out",31992,53,1070,47814,694135,282048,450960,16.777685,29947950009,7129463383
"trace_random_size16_time90000000_p[0.5, 0.5].out",74565,0,0,9415,209039,805355,450231,16.765198,125180,410185
"trace_random_size8_time9000000_p[0.2, 0.8].out",26962,0,0,2455,146908,929677,179933,11.163061,103466,346160
"trace_random_size64_time90000_p[0.5, 0.5].out",192685,0,5260,332584,473677,377536,449703,64.019699,31248732984,14304497212
"trace_random_size32_time90000000_p[0.8, 0.2].out",120147,0,0,18301,157118,612888,720123,32.008244,177565,526513
"trace_random_size32_time90000_p[0.5, 0.5].out",90166,0,1540,129418,627877,320143,450083,32.06197,6387386046,2016370319
"trace_random_size16_time90000_p[0.5, 0.5].out",41957,0,169,39939,604054,381384,449961,16.751865,870153,694699
"trace_random_size8_time9000_p[0.8, 0.2].out",24375,0,0,26698,544965,285350,719683,11.156144,32782815760,6719625006
"trace_random_size32_time9000000_p[0.5, 0.5].out",211281,0,0,35684,211835,808480,450066,31.999882,177664,536018
"trace_random_size128_time9000000_p[0.5, 0.5].out",591648,0,68,554752,97923,809297,449483,127.974159,375954,1076869
"trace_random_size64_time90000000_p[0.8, 0.2].out",200513,0,1,70160,94990,629246,719762,63.998981,264150,760301
"trace_random_size16_time900000_p[0.8, 0.2].out",67349,0,0,10541,190076,608831,719129,16.768375,178709,412875
"trace_random_size128_time90000_p[0.5, 0.5].out",306360,603,20708,705901,376505,447251,449576,128.038589,81707111550,51285342089
"trace_random_size32_time9000_p[0.2, 0.8].out",90616,251,13363,201907,751689,304258,180352,32.018383,32628924758,10277062334
"trace_random_size32_time90000000_p[0.2, 0.8].out",296708,0,0,55738,252865,930349,179552,32.011681,178137,532180
"trace_random_size16_time9000_p[0.8, 0.2].out",39272,0,14,35484,481583,295778,720330,16.7817,37652439571,8977666312
"trace_random_size128_time90000000_p[0.2, 0.8].out",809485,0,15,951793,89172,935768,180098,127.959946,375049,1081729
"trace_random_size64_time9000000_p[0.8, 0.2].out",200123,0,4,69832,94693,628490,719713,63.988636,263983,760120
"trace_random_size128_time90000000_p[0.8, 0.2].out",273247,0,32,210508,86301,618419,719266,128.005951,375616,1062217
"trace_random_size16_time900000_p[0.5, 0.5].out",75535,0,0,9661,210992,803759,449509,16.787104,160619,417694
"trace_random_size8_time900000_p[0.2, 0.8].out",26986,0,0,2436,148176,927922,181057,11.15911,115289,347777
"trace_random_size32_time900000_p[0.2, 0.8].out",295830,0,0,56276,253772,929737,179649,32.032173,199544,538044
"trace_random_size32_time9000000_p[0.8, 0.2].out",119677,0,0,18644,157571,611583,720394,32.055885,177840,526885
"trace_random_size8_time90000000_p[0.2, 0.8].out",27012,0,0,2462,145268,931070,180078,11.171837,103469,346569
"trace_random_size8_time90000_p[0.8, 0.2].out",26066,0,0,25442,531770,299139,719791,11.153522,356510666,73391818
"trace_random_size32_time9000_p[0.8, 0.2].out",73191,16,269,56706,414466,325755,719802,32.016258,50513277381,16027832282
"trace_random_size32_time900000_p[0.5, 0.5].out",211343,0,0,36149,211938,806216,450266,32.056923,232163,548947
