filename,Normal_page_read_count,Multi-plane_one_shot_read_count,One_shot_read_count,Multi-plane_read_count,Multi-plane_SOML_read_count,SOML_read_count,Write_request_count,Write_request_average_size,Read_request_average_response_time,Write_request_average_response_time
"trace_random_size128_time9000000_p[0.8, 0.2].out",141843,0,8574,274113,141161,539161,719737,128.008774,515311,1156474
"trace_random_size64_time9000_p[0.8, 0.2].out",82154,86,2146,144595,321337,364057,720106,63.9977,84387882084,37808919143
"trace_random_size8_time9000_p[0.2, 0.8].out",11285,162,4804,16969,738944,307824,179519,11.167738,17031683163,3351421346
"trace_random_size16_time900000_p[0.2, 0.8].out",68650,0,0,20759,556543,581175,180108,16.774429,147006,422942
"trace_random_size32_time9000000_p[0.2, 0.8].out",226414,0,0,123538,605643,511439,180970,32.027451,196335,543772
"trace_random_size8_time900000_p[0.5, 0.5].out",24553,0,0,14182,438834,548252,450001,11.166112,144966,386603
"trace_random_size32_time9000_p[0.5, 0.5].out",89654,153,5720,131744,643105,287472,449913,32.031467,44909766031,13743393854
"trace_random_size128_time9000000_p[0.2, 0.8].out",435246,0,34605,1128494,93975,850725,179717,128.004257,511732,1174887
"trace_random_size8_time90000_p[0.5, 0.5].out",17872,1,615,20331,622166,356663,450113,11.167768,630092,518573
"trace_random_size64_time9000000_p[0.2, 0.8].out",253853,0,0,536060,188112,789665,180070,64.042892,313351,775566
"trace_random_size64_time9000000_p[0.5, 0.5].out",196128,0,0,322697,242037,640308,450214,63.985874,315643,772639
"trace_random_size8_time9000000_p[0.8, 0.2].out",28930,0,0,22002,456217,378546,719835,11.167713,107828,377691
"trace_random_size128_time90000_p[0.2, 0.8].out",174366,12720,150498,1103145,408381,420909,180091,128.021225,70241312815,48792179023
"trace_random_size64_time90000_p[0.8, 0.2].out",83081,2,1933,144113,319763,366031,720381,64.036285,48140053822,21651601835
"trace_random_size16_time9000000_p[0.8, 0.2].out",49388,0,0,26499,419391,364498,719346,16.759941,133116,418282
"trace_random_size16_time90000000_p[0.8, 0.2].out",49631,0,0,26336,420624,363938,720102,16.768063,133602,418539
"trace_random_size64_time90000000_p[0.2, 0.8].out",253319,0,2,536964,187879,790981,179127,64.029213,313411,776342
"trace_random_size32_time90000_p[0.8, 0.2].out",69122,1,335,61887,456867,277188,719398,31.988335,18154191637,5558181137
"trace_random_size128_time900000_p[0.8, 0.2].out",140323,1,8876,274255,142320,538864,719998,128.049194,726390,1211807
"trace_random_size8_time900000_p[0.8, 0.2].out",29098,0,0,22043,455880,378663,719842,11.172153,161987,377950
"trace_random_size8_time9000000_p[0.5, 0.5].out",24425,0,0,14004,439141,547893,449311,11.164676,107749,385776
"trace_random_size128_time900000_p[0.2, 0.8].out",433634,4,35509,1128782,96310,847159,179527,127.967606,567921,1188506
"trace_random_size32_time90000000_p[0.5, 0.5].out",164292,0,0,80609,514492,461261,450495,32.001141,198197,544814
"trace_random_size8_time90000000_p[0.8, 0.2].out",28992,0,0,21894,455492,379366,720237,11.162965,107906,377454
"trace_random_size64_time90000_p[0.2, 0.8].out",107388,2891,51778,567663,512239,375651,180391,64.064857,21669731534,9760594523
"trace_random_size128_time90000000_p[0.5, 0.5].out",305979,0,21769,692373,138702,714688,449211,128.014008,513651,1170229
"trace_random_size8_time90000_p[0.2, 0.8].out",18841,1,437,10065,519253,548759,179438,11.197726,322713,418984
"trace_random_size128_time90000_p[0.8, 0.2].out",114228,89,13748,286785,227808,438022,720085,128.002029,109170360473,76009989354
"trace_random_size64_time900000_p[0.2, 0.8].out",253149,0,119,535769,189520,788332,180367,63.998028,342270,776091
"trace_random_size16_time9000000_p[0.5, 0.5].out",58936,0,0,24123,495561,504694,449979,16.772581,132607,430703
"trace_random_size64_time9000_p[0.2, 0.8].out",106425,2965,52528,567069,513770,374278,180257,63.976715,58053497213,26090384134
"trace_random_size64_time90000000_p[0.5, 0.5].out",196537,0,1,322043,241252,640457,450614,63.96666,315543,772701
"trace_random_size16_time90000000_p[0.2, 0.8].out",68437,0,0,20742,554951,582162,179411,16.766605,131315,422839
"trace_random_size64_time900000_p[0.5, 0.5].out",195418,0,86,323612,241624,640047,450034,63.980072,384853,774169
"trace_random_size64_time9000_p[0.5, 0.5].out",121968,440,15908,356652,438005,399126,450330,64.012405,72409459538,32503416594
"trace_random_size16_time9000000_p[0.2, 0.8].out",67865,0,0,20470,557411,581827,179335,16.777813,131352,424240
"trace_random_size16_time90000_p[0.8, 0.2].out",36825,0,106,37072,512016,264007,719890,16.768465,4616818031,1064335400
"trace_random_size16_time9000_p[0.2, 0.8].out",32068,354,9454,51053,804855,276435,180205,16.759563,21861433051,5011993350
"trace_random_size64_time900000_p[0.8, 0.2].out",104704,0,19,129685,230167,469945,719920,64.013199,419834,760480
"trace_random_size16_time90000_p[0.2, 0.8].out",53314,29,2236,34007,668066,450690,179942,16.785061,424520,503980
"trace_random_size128_time900000_p[0.5, 0.5].out",301634,1,22623,692127,140979,712176,449898,128.013382,651549,1205570
"trace_random_size8_time9000_p[0.5, 0.5].out",14490,78,1868,23158,691714,281525,450114,11.177135,26826953361,5315987282
"trace_random_size128_time9000_p[0.8, 0.2].out",113525,226,13542,286666,227392,437163,720309,128.023239,145894231045,101236922504
"trace_random_size8_time90000000_p[0.5, 0.5].out",24335,0,0,14218,437017,549504,449988,11.174069,107756,385940
"trace_random_size128_time9000_p[0.2, 0.8].out",172541,13094,151068,1100911,408170,421124,180770,128.021164,106662652678,73863948866
"trace_random_size32_time90000_p[0.2, 0.8].out",102605,402,15412,199495,753748,288269,180399,32.019257,1048642,1225179
"trace_random_size128_time9000_p[0.5, 0.5].out",192415,2095,59969,710963,323734,477013,449809,128.037735,127837717559,88599817380
"trace_random_size32_time900000_p[0.8, 0.2].out",93922,0,1,42799,387266,359284,720394,32.033779,266549,532107
"trace_random_size16_time9000_p[0.5, 0.5].out",34244,88,3225,45299,692212,280084,450960,16.778177,31902074325,7343220852
"trace_random_size16_time90000000_p[0.5, 0.5].out",58055,0,0,24266,496853,504361,450231,16.765198,132570,429986
"trace_random_size8_time9000000_p[0.2, 0.8].out",22598,0,0,6527,400122,672684,179933,11.163061,106998,372473
"trace_random_size64_time90000_p[0.5, 0.5].out",122066,205,15584,358125,438462,400094,449703,64.021278,36028921380,16172732334
"trace_random_size32_time90000000_p[0.8, 0.2].out",94015,0,0,42458,387397,360422,720123,32.008244,199332,531986
"trace_random_size32_time90000_p[0.5, 0.5].out",90161,37,4645,132613,643847,288263,450083,32.061516,9323889642,2847383158
"trace_random_size16_time90000_p[0.5, 0.5].out",37288,11,2076,43446,677428,299882,449961,16.752033,921442,848749
"trace_random_size8_time9000_p[0.8, 0.2].out",22080,8,189,28352,567252,261448,719683,11.15601,34540341532,6854000415
"trace_random_size32_time9000000_p[0.5, 0.5].out",164957,0,0,79786,517010,461425,450066,31.999882,198239,545012
"trace_random_size128_time9000000_p[0.5, 0.5].out",306057,0,21639,691822,137865,716093,449483,127.974159,513488,1170924
"trace_random_size64_time90000000_p[0.8, 0.2].out",105339,0,0,129767,230949,469247,719762,63.998981,317278,759189
"trace_random_size16_time900000_p[0.8, 0.2].out",49139,0,0,26410,420673,364715,719129,16.768288,187569,418390
"trace_random_size128_time90000_p[0.5, 0.5].out",192415,1991,59577,712183,323314,476889,449576,128.038589,91384711159,63308729962
"trace_random_size32_time9000_p[0.2, 0.8].out",87639,847,19808,208199,764999,258430,180352,32.017906,33829090075,10312916951
"trace_random_size32_time90000000_p[0.2, 0.8].out",225857,0,0,124187,608748,508424,179552,32.011681,196162,544061
"trace_random_size16_time9000_p[0.8, 0.2].out",36737,33,377,37277,512511,262512,720330,16.781548,39752300391,9155632827
"trace_random_size128_time90000000_p[0.2, 0.8].out",435655,0,34669,1127848,93423,849276,180098,127.959946,511601,1173865
"trace_random_size64_time9000000_p[0.8, 0.2].out",105202,0,0,129311,229664,469496,719713,63.988636,317221,758516
"trace_random_size128_time90000000_p[0.8, 0.2].out",141288,0,8607,275063,141609,540236,719266,128.005951,514794,1156852
"trace_random_size16_time900000_p[0.5, 0.5].out",59259,0,0,24335,498347,503330,449509,16.787197,169950,430956
"trace_random_size8_time900000_p[0.2, 0.8].out",22529,0,0,6578,400996,671285,181057,11.15909,121921,372303
"trace_random_size32_time900000_p[0.2, 0.8].out",225897,0,4,123797,609744,508651,179649,32.031483,215021,545120
"trace_random_size32_time9000000_p[0.8, 0.2].out",93403,0,0,42864,387749,359240,720394,32.055885,199360,531694
"trace_random_size8_time90000000_p[0.2, 0.8].out",22578,0,0,6588,400914,671612,180078,11.171837,107016,372839
"trace_random_size8_time90000_p[0.8, 0.2].out",22868,0,69,27902,565433,263551,719791,11.153831,1197853507,237739358
"trace_random_size32_time9000_p[0.8, 0.2].out",68274,22,593,62228,456334,276752,719802,32.015747,53642707998,16461100803
"trace_random_size32_time900000_p[0.5, 0.5].out",164540,0,7,80721,515299,460496,450266,32.057003,244263,546002
