filename,Normal_page_read_count,Multi-plane_one_shot_read_count,One_shot_read_count,Multi-plane_read_count,Multi-plane_SOML_read_count,SOML_read_count,Write_request_count,Write_request_average_size,Read_request_average_response_time,Write_request_average_response_time
"trace_random_size128_time9000000_p[0.8, 0.2].out",602509,0,0,39181,275577,439666,719737,128.008774,285879,1040742
"trace_random_size64_time9000_p[0.8, 0.2].out",189505,32,1032,80083,312713,398019,720106,63.99715,80042294063,33469332597
"trace_random_size8_time9000_p[0.2, 0.8].out",12296,63,4722,16082,655373,393004,179519,11.167792,17001821326,3305342077
"trace_random_size16_time900000_p[0.2, 0.8].out",83990,0,0,5779,110087,1042247,180108,16.77463,139246,416189
"trace_random_size32_time9000000_p[0.2, 0.8].out",348286,0,0,4878,95299,1137224,180970,32.027451,155339,527596
"trace_random_size8_time900000_p[0.5, 0.5].out",26477,0,0,12596,284071,704257,450001,11.166186,144802,382168
"trace_random_size32_time9000_p[0.5, 0.5].out",113099,48,6384,104419,569253,391166,449913,32.031723,43900178711,12987952791
"trace_random_size128_time9000000_p[0.2, 0.8].out",2317782,0,0,175780,656039,415368,179717,128.004257,283678,1056669
"trace_random_size8_time90000_p[0.5, 0.5].out",19380,1,618,19055,543523,436343,450113,11.167956,667966,474099
"trace_random_size64_time9000000_p[0.2, 0.8].out",1057867,0,0,2523,76330,1164509,180070,64.042892,185500,730207
"trace_random_size64_time9000000_p[0.5, 0.5].out",673758,0,0,5825,160354,878102,450214,63.985874,185549,726894
"trace_random_size8_time9000000_p[0.8, 0.2].out",30052,0,0,21264,393980,441143,719835,11.167713,99474,373459
"trace_random_size128_time90000_p[0.2, 0.8].out",665464,1952,91639,974833,491308,344696,180091,128.023285,66177660311,40309433971
"trace_random_size64_time90000_p[0.8, 0.2].out",191153,0,663,79254,309994,401266,720381,64.035835,43829965600,18370661793
"trace_random_size16_time9000000_p[0.8, 0.2].out",53037,0,0,23137,320044,466921,719346,16.759941,118201,411071
"trace_random_size16_time90000000_p[0.8, 0.2].out",53284,0,0,23032,320480,467042,720102,16.768063,118552,411337
"trace_random_size64_time90000000_p[0.2, 0.8].out",1058663,0,0,2505,75802,1166641,179127,64.029213,185532,730451
"trace_random_size32_time90000_p[0.8, 0.2].out",83105,0,332,47471,403629,345290,719398,31.988348,16488801428,4877006566
"trace_random_size128_time900000_p[0.8, 0.2].out",598449,0,0,40843,276161,440355,719998,128.049515,656177,1042547
"trace_random_size8_time900000_p[0.8, 0.2].out",30504,0,0,21040,394633,440516,719842,11.172268,164762,374026
"trace_random_size8_time9000000_p[0.5, 0.5].out",26437,0,0,12250,281935,706595,449311,11.164676,99544,381478
"trace_random_size128_time900000_p[0.2, 0.8].out",2302768,0,0,184725,653072,415928,179527,127.967979,385908,1056508
"trace_random_size32_time90000000_p[0.5, 0.5].out",234552,0,0,12319,206763,835308,450495,32.001141,155268,528295
"trace_random_size8_time90000000_p[0.8, 0.2].out",29671,0,0,21420,394926,440202,720237,11.162965,99482,373247
"trace_random_size64_time90000_p[0.2, 0.8].out",307361,655,46869,444046,519724,443573,180391,64.064453,19835842039,8355709704
"trace_random_size128_time90000000_p[0.5, 0.5].out",1469725,0,0,100503,463957,474733,449211,128.014008,285012,1053553
"trace_random_size8_time90000_p[0.2, 0.8].out",21071,0,480,7907,301762,768212,179438,11.197814,347207,413631
"trace_random_size128_time90000_p[0.8, 0.2].out",402777,0,1508,164998,286276,371834,720085,128.002029,98658065354,60419067135
"trace_random_size64_time900000_p[0.2, 0.8].out",1052407,0,0,5005,79313,1161167,180367,63.998028,243772,728833
"trace_random_size16_time9000000_p[0.5, 0.5].out",68017,0,0,15485,244738,763707,449979,16.772581,118234,423011
"trace_random_size64_time9000_p[0.2, 0.8].out",306184,677,46532,444812,519765,444764,180257,63.976593,56198558285,23647810823
"trace_random_size64_time90000000_p[0.5, 0.5].out",672465,0,0,5839,160060,878135,450614,63.96666,185501,726454
"trace_random_size16_time90000000_p[0.2, 0.8].out",83827,0,0,5614,106735,1045254,179411,16.766605,118265,415406
"trace_random_size64_time900000_p[0.5, 0.5].out",671326,0,0,8005,162327,874908,450034,63.980053,324287,727436
"trace_random_size64_time9000_p[0.5, 0.5].out",285623,98,13678,255393,445206,439528,450330,64.01223,69573410396,29135502920
"trace_random_size16_time9000000_p[0.2, 0.8].out",82856,0,0,5714,106879,1046876,179335,16.777813,118326,417177
"trace_random_size16_time90000_p[0.8, 0.2].out",39273,0,111,35042,473181,304435,719890,16.76825,3857528035,871159086
"trace_random_size16_time9000_p[0.2, 0.8].out",37763,129,9173,45410,681865,407215,180205,16.759502,21737810666,4890956539
"trace_random_size64_time900000_p[0.8, 0.2].out",287560,0,0,8281,199232,560893,719920,64.014214,392195,712908
"trace_random_size16_time90000_p[0.2, 0.8].out",66087,12,2382,21373,355971,774946,179942,16.785097,462574,485698
"trace_random_size128_time900000_p[0.5, 0.5].out",1452789,0,0,108364,462967,474436,449898,128.010101,530483,1055673
"trace_random_size8_time9000_p[0.5, 0.5].out",15078,37,2020,22825,658087,315026,450114,11.176956,26522980503,5193720494
"trace_random_size128_time9000_p[0.8, 0.2].out",399592,60,1722,165941,284733,371661,720309,128.021851,135295975399,82550690218
"trace_random_size8_time90000000_p[0.5, 0.5].out",26406,0,0,12487,282442,705476,449988,11.174069,99616,382250
"trace_random_size128_time9000_p[0.2, 0.8].out",669735,2043,90338,972253,491382,346535,180770,128.018951,102700284651,62517341473
"trace_random_size32_time90000_p[0.2, 0.8].out",168179,110,14770,133708,568077,543617,180399,32.019306,985747,904709
"trace_random_size128_time9000_p[0.5, 0.5].out",606253,289,28289,563483,412921,374822,449809,128.034943,120774502538,73478578104
"trace_random_size32_time900000_p[0.8, 0.2].out",120283,0,0,17302,260524,510665,720394,32.03484,261324,515646
"trace_random_size16_time9000_p[0.5, 0.5].out",37031,38,3407,42624,631388,343232,450960,16.778284,31440140262,7095447987
"trace_random_size16_time90000000_p[0.5, 0.5].out",67209,0,0,15533,244118,765403,450231,16.765198,118192,422767
"trace_random_size8_time9000000_p[0.2, 0.8].out",25319,0,0,3920,115679,959626,179933,11.163061,99619,369038
"trace_random_size64_time90000_p[0.5, 0.5].out",288455,8,12554,255184,445550,442763,449703,64.021172,33279443296,13972102298
"trace_random_size32_time90000000_p[0.8, 0.2].out",120156,0,0,17210,259685,512494,720123,32.008244,155190,515027
"trace_random_size32_time90000_p[0.5, 0.5].out",114795,4,5292,104263,566592,395835,450083,32.062386,8263752218,2436940851
"trace_random_size16_time90000_p[0.5, 0.5].out",42485,1,2207,38686,582463,398841,449961,16.752319,886624,674083
"trace_random_size8_time9000_p[0.8, 0.2].out",22775,0,138,27881,545841,283298,719683,11.156419,34029173243,6671302413
"trace_random_size32_time9000000_p[0.5, 0.5].out",234285,0,0,12423,206385,837449,450066,31.999882,155280,528633
"trace_random_size128_time9000000_p[0.5, 0.5].out",1469251,0,0,100338,463686,474962,449483,127.974159,285072,1052473
"trace_random_size64_time90000000_p[0.8, 0.2].out",289061,0,0,7839,199237,561098,719762,63.998981,185631,713336
"trace_random_size16_time900000_p[0.8, 0.2].out",52962,0,0,22907,321185,467377,719129,16.768175,190338,411170
"trace_random_size128_time90000_p[0.5, 0.5].out",606271,392,28165,564171,412082,374121,449576,128.03891,84258434749,51292185229
"trace_random_size32_time9000_p[0.2, 0.8].out",126888,273,20554,163339,658239,416875,180352,32.018124,33119941118,9767581952
"trace_random_size32_time90000000_p[0.2, 0.8].out",348381,0,0,4961,94756,1138347,179552,32.011681,155312,527948
"trace_random_size16_time9000_p[0.8, 0.2].out",38914,9,432,35443,474180,302319,720330,16.781513,38971321661,8801291164
"trace_random_size128_time90000000_p[0.2, 0.8].out",2317930,0,0,174426,655266,416007,180098,127.959946,283591,1057555
"trace_random_size64_time9000000_p[0.8, 0.2].out",288511,0,0,7738,198182,560815,719713,63.988636,185561,712246
"trace_random_size128_time90000000_p[0.8, 0.2].out",603575,0,0,39116,277234,440037,719266,128.005951,285906,1041601
"trace_random_size16_time900000_p[0.5, 0.5].out",68304,0,0,15713,246870,763016,449509,16.786852,168738,423946
"trace_random_size8_time900000_p[0.2, 0.8].out",25206,0,0,4021,118561,956152,181057,11.159227,117919,369793
"trace_random_size32_time900000_p[0.2, 0.8].out",347531,0,0,5483,97921,1135479,179649,32.031864,185313,529026
"trace_random_size32_time9000000_p[0.8, 0.2].out",120161,0,0,16964,260523,511505,720394,32.055885,155298,515257
"trace_random_size8_time90000000_p[0.2, 0.8].out",25417,0,0,3863,115879,959252,180078,11.171837,99648,369687
"trace_random_size8_time90000_p[0.8, 0.2].out",23649,0,89,27374,542523,286673,719791,11.153763,816433383,160090535
"trace_random_size32_time9000_p[0.8, 0.2].out",82801,5,605,47431,403633,344586,719802,32.016197,52088585480,15443638196
"trace_random_size32_time900000_p[0.5, 0.5].out",234508,0,0,12703,207491,834393,450266,32.056561,227291,529250
