filename,Normal_page_read_count,Multi-plane_one_shot_read_count,One_shot_read_count,Multi-plane_read_count,Multi-plane_SOML_read_count,SOML_read_count,Write_request_count,Write_request_average_size,Read_request_average_response_time,Write_request_average_response_time
"trace_random_size128_time9000000_p[0.8, 0.2].out",619749,0,0,22335,207379,524316,719737,128.008774,291063,1041092
"trace_random_size64_time9000_p[0.8, 0.2].out",188988,27,1042,80351,311763,398949,720106,63.99715,80051022349,33472977962
"trace_random_size8_time9000_p[0.2, 0.8].out",12350,72,4697,16085,655382,392952,179519,11.167786,17025455570,3309976040
"trace_random_size16_time900000_p[0.2, 0.8].out",83808,0,0,5947,109938,1042242,180108,16.77463,139272,416147
"trace_random_size32_time9000000_p[0.2, 0.8].out",348198,0,0,4944,95181,1137298,180970,32.027451,155339,527566
"trace_random_size8_time900000_p[0.5, 0.5].out",26571,0,0,12493,284907,703533,450001,11.166186,144768,382150
"trace_random_size32_time9000_p[0.5, 0.5].out",112550,50,6516,104728,570351,389589,449913,32.031368,43899604699,12987794083
"trace_random_size128_time9000000_p[0.2, 0.8].out",2426129,0,0,69644,283550,891782,179717,128.004257,292077,1058297
"trace_random_size8_time90000_p[0.5, 0.5].out",19277,1,665,19179,542835,436744,450113,11.167822,666865,473866
"trace_random_size64_time9000000_p[0.2, 0.8].out",1057878,0,0,2507,76081,1164779,180070,64.042892,185500,730230
"trace_random_size64_time9000000_p[0.5, 0.5].out",673761,0,0,5809,160562,877923,450214,63.985874,185549,726870
"trace_random_size8_time9000000_p[0.8, 0.2].out",30122,0,0,21197,394224,440963,719835,11.167713,99474,373461
"trace_random_size128_time90000_p[0.2, 0.8].out",725534,2186,103353,904926,387361,491848,180091,128.022552,67001650022,40811414089
"trace_random_size64_time90000_p[0.8, 0.2].out",191216,0,691,79182,310071,401186,720381,64.036438,43809621874,18362169959
"trace_random_size16_time9000000_p[0.8, 0.2].out",53316,0,0,22963,319812,467222,719346,16.759941,118201,411090
"trace_random_size16_time90000000_p[0.8, 0.2].out",53356,0,0,22970,320467,467107,720102,16.768063,118552,411353
"trace_random_size64_time90000000_p[0.2, 0.8].out",1058727,0,0,2465,75590,1166869,179127,64.029213,185532,730493
"trace_random_size32_time90000_p[0.8, 0.2].out",82850,0,293,47518,402595,346607,719398,31.988146,16498618055,4879905164
"trace_random_size128_time900000_p[0.8, 0.2].out",615370,0,47,24257,208238,524388,719998,128.049515,661714,1042896
"trace_random_size8_time900000_p[0.8, 0.2].out",30485,0,0,20993,395160,440102,719842,11.172268,164788,374012
"trace_random_size8_time9000000_p[0.5, 0.5].out",26378,0,0,12299,281536,706955,449311,11.164676,99544,381488
"trace_random_size128_time900000_p[0.2, 0.8].out",2409792,0,336,79262,284948,886946,179527,127.967979,394743,1058211
"trace_random_size32_time90000000_p[0.5, 0.5].out",234505,0,0,12347,205997,836065,450495,32.001141,155268,528316
"trace_random_size8_time90000000_p[0.8, 0.2].out",29677,0,0,21385,394379,440813,720237,11.162965,99482,373291
"trace_random_size64_time90000_p[0.2, 0.8].out",307662,670,46371,444200,518370,445722,180391,64.064636,19832466983,8354332148
"trace_random_size128_time90000000_p[0.5, 0.5].out",1522543,0,0,48818,269268,719974,449211,128.014008,291471,1054418
"trace_random_size8_time90000_p[0.2, 0.8].out",21148,0,474,7818,300782,769310,179438,11.197672,346935,413820
"trace_random_size128_time90000_p[0.8, 0.2].out",415634,3,4236,149025,243705,425293,720085,128.002029,99072227053,60672554500
"trace_random_size64_time900000_p[0.2, 0.8].out",1052250,0,0,5134,79240,1161139,180367,63.998028,243739,728803
"trace_random_size16_time9000000_p[0.5, 0.5].out",67825,0,0,15685,243998,764239,449979,16.772581,118234,422998
"trace_random_size64_time9000_p[0.2, 0.8].out",306919,644,46924,443976,518206,446276,180257,63.976578,56219986332,23656850544
"trace_random_size64_time90000000_p[0.5, 0.5].out",672603,0,0,5725,160453,877832,450614,63.96666,185501,726455
"trace_random_size16_time90000000_p[0.2, 0.8].out",83839,0,0,5635,106480,1045455,179411,16.766605,118265,415455
"trace_random_size64_time900000_p[0.5, 0.5].out",671558,0,0,7817,162485,874894,450034,63.980064,324286,727425
"trace_random_size64_time9000_p[0.5, 0.5].out",284331,133,13725,255681,444526,440572,450330,64.013054,69561272659,29130407421
"trace_random_size16_time9000000_p[0.2, 0.8].out",82919,0,0,5670,106671,1047109,179335,16.777813,118326,417216
"trace_random_size16_time90000_p[0.8, 0.2].out",39157,0,140,35203,472849,304472,719890,16.768114,3860133799,871751580
"trace_random_size16_time9000_p[0.2, 0.8].out",37910,108,9235,45273,682567,406588,180205,16.75963,21740197421,4891446787
"trace_random_size64_time900000_p[0.8, 0.2].out",287741,0,0,8101,199009,561295,719920,64.014214,392160,712937
"trace_random_size16_time90000_p[0.2, 0.8].out",65887,12,2324,21512,356172,774843,179942,16.785036,463113,485681
"trace_random_size128_time900000_p[0.5, 0.5].out",1504974,0,263,56803,269471,718080,449898,128.010101,537479,1056559
"trace_random_size8_time9000_p[0.5, 0.5].out",15143,33,1955,22761,658794,314596,450114,11.176963,26532790629,5195603370
"trace_random_size128_time9000_p[0.8, 0.2].out",413179,68,4412,149510,242746,424806,720309,128.025604,135753071475,82829644780
"trace_random_size8_time90000000_p[0.5, 0.5].out",26434,0,0,12512,282650,705190,449988,11.174069,99616,382219
"trace_random_size128_time9000_p[0.2, 0.8].out",723488,2133,103365,904581,386998,492887,180770,128.021027,103528204515,63021393265
"trace_random_size32_time90000_p[0.2, 0.8].out",168234,93,14511,133939,567455,544600,180399,32.019306,984996,905896
"trace_random_size128_time9000_p[0.5, 0.5].out",642196,484,37095,520367,337501,472941,449809,128.034836,121654172688,74013922320
"trace_random_size32_time900000_p[0.8, 0.2].out",120479,0,0,17175,259166,512081,720394,32.033516,261494,515703
"trace_random_size16_time9000_p[0.5, 0.5].out",36993,27,3356,42679,632768,341986,450960,16.77779,31414005831,7089624020
"trace_random_size16_time90000000_p[0.5, 0.5].out",67119,0,0,15586,244145,765360,450231,16.765198,118192,422751
"trace_random_size8_time9000000_p[0.2, 0.8].out",25441,0,0,3809,115558,959847,179933,11.163061,99619,369094
"trace_random_size64_time90000_p[0.5, 0.5].out",289530,9,12386,254637,445154,443682,449703,64.021339,33299539111,13980549066
"trace_random_size32_time90000000_p[0.8, 0.2].out",120269,0,0,17064,259565,512793,720123,32.008244,155190,515048
"trace_random_size32_time90000_p[0.5, 0.5].out",115072,6,5322,104026,567071,395447,450083,32.062191,8261844994,2436363266
"trace_random_size16_time90000_p[0.5, 0.5].out",42524,4,2175,38659,582052,399346,449961,16.751808,889227,676090
"trace_random_size8_time9000_p[0.8, 0.2].out",22811,0,132,27936,546057,282956,719683,11.156334,33998299131,6665239160
"trace_random_size32_time9000000_p[0.5, 0.5].out",234291,0,0,12467,206645,837095,450066,31.999882,155280,528608
"trace_random_size128_time9000000_p[0.5, 0.5].out",1521937,0,0,48759,270505,718615,449483,127.974159,291516,1053291
"trace_random_size64_time90000000_p[0.8, 0.2].out",289146,0,0,7747,199099,561335,719762,63.998981,185631,713331
"trace_random_size16_time900000_p[0.8, 0.2].out",53016,0,0,22911,321501,466999,719129,16.768709,190316,411163
"trace_random_size128_time90000_p[0.5, 0.5].out",642052,428,36979,520983,335824,474316,449576,128.03746,85105246924,51807992760
"trace_random_size32_time9000_p[0.2, 0.8].out",127365,254,20272,162902,660791,415677,180352,32.018185,33101768811,9762187510
"trace_random_size32_time90000000_p[0.2, 0.8].out",348344,0,0,5002,94679,1138379,179552,32.011681,155312,527945
"trace_random_size16_time9000_p[0.8, 0.2].out",38677,8,414,35699,473934,302350,720330,16.781717,38993534122,8806308112
"trace_random_size128_time90000000_p[0.2, 0.8].out",2425518,0,0,69150,283025,891212,180098,127.959946,291950,1059215
"trace_random_size64_time9000000_p[0.8, 0.2].out",288447,0,0,7793,198490,560461,719713,63.988636,185561,712233
"trace_random_size128_time90000000_p[0.8, 0.2].out",620876,0,0,22161,208675,525205,719266,128.005951,291145,1041936
"trace_random_size16_time900000_p[0.5, 0.5].out",68371,0,0,15623,247461,762538,449509,16.787146,168814,423907
"trace_random_size8_time900000_p[0.2, 0.8].out",25215,0,0,4030,118793,955893,181057,11.159227,117874,369757
"trace_random_size32_time900000_p[0.2, 0.8].out",347438,0,0,5504,97815,1135636,179649,32.031216,185314,529039
"trace_random_size32_time9000000_p[0.8, 0.2].out",120338,0,0,16802,261119,511056,720394,32.055885,155298,515254
"trace_random_size8_time90000000_p[0.2, 0.8].out",25324,0,0,3943,115785,959279,180078,11.171837,99648,369666
"trace_random_size8_time90000_p[0.8, 0.2].out",23570,0,74,27490,543330,285759,719791,11.153554,821574568,161092282
"trace_random_size32_time9000_p[0.8, 0.2].out",82392,12,577,47706,403971,344150,719802,32.016933,52078753580,15440717190
"trace_random_size32_time900000_p[0.5, 0.5].out",234392,0,0,12746,208014,833900,450266,32.056561,227289,529201
