filename,Normal_page_read_count,Multi-plane_one_shot_read_count,One_shot_read_count,Multi-plane_read_count,Multi-plane_SOML_read_count,SOML_read_count,Write_request_count,Write_request_average_size,Read_request_average_response_time,Write_request_average_response_time
"trace_seq_size8_time9000000_p[0.8, 0.2].out",29954,6,1311,15929,21806,204449,720243,11.18881,84138,131969
"trace_seq_size128_time9000_p[0.5, 0.5].out",412345,12367,123685,406113,309363,344023,450186,128.022339,117534937787,76443149949
"trace_seq_size32_time9000_p[0.5, 0.5].out",84344,1537,23107,112237,352679,200018,450036,32.029434,32535364093,8029692838
"trace_seq_size64_time900000_p[0.5, 0.5].out",479169,11,42300,45653,345118,574326,450143,63.991653,414616,715799
"trace_seq_size16_time9000_p[0.8, 0.2].out",33035,42,4405,33205,121875,101404,719914,16.767626,13673075523,1697126697
"trace_seq_size32_time9000000_p[0.2, 0.8].out",283629,6,8314,45675,207940,927758,179726,31.975073,203668,560351
"trace_seq_size8_time90000_p[0.5, 0.5].out",26680,253,9040,34347,99150,331942,449570,11.195216,216117,217024
"trace_seq_size8_time9000_p[0.2, 0.8].out",12196,1890,11627,29195,224575,112683,179878,11.185872,3341367734,1179510243
"trace_seq_size128_time900000_p[0.8, 0.2].out",323393,184,45682,88142,119762,320425,719521,128.013794,708236,1044860
"trace_seq_size128_time90000000_p[0.8, 0.2].out",326971,181,44449,86846,119660,321392,720456,127.995102,560300,1043950
"trace_seq_size8_time90000_p[0.2, 0.8].out",20647,215,6453,24786,96863,513534,180431,11.166684,138367,325975
"trace_seq_size16_time9000000_p[0.8, 0.2].out",48279,9,1846,21384,37747,240389,719676,16.785879,114607,194819
"trace_seq_size128_time90000000_p[0.5, 0.5].out",829429,692,114223,224745,261312,643269,449896,127.987587,567510,1130325
"trace_seq_size128_time90000000_p[0.2, 0.8].out",1343576,1356,185619,375656,297760,820319,179818,128.003525,574259,1218502
"trace_seq_size32_time90000_p[0.2, 0.8].out",143955,2868,19730,94026,299346,339635,180356,31.986214,603401,723361
"trace_seq_size64_time9000000_p[0.2, 0.8].out",802962,0,72310,77700,403034,757862,179984,64.037712,358645,811913
"trace_seq_size32_time9000_p[0.8, 0.2].out",71337,90,7164,49878,142985,155592,719940,32.006512,31675755236,6230425241
"trace_seq_size32_time90000000_p[0.8, 0.2].out",107719,4,2614,26012,75890,279489,719749,32.005428,191641,343853
"trace_seq_size128_time90000_p[0.5, 0.5].out",410503,12489,124641,405910,309695,344023,449907,127.986595,81034078224,52802031354
"trace_seq_size32_time90000_p[0.8, 0.2].out",80379,89,5870,42904,126420,178485,720195,32.039379,898441,446239
"trace_seq_size16_time90000_p[0.8, 0.2].out",44929,25,3211,23223,60809,182096,720167,16.79768,439662,197254
"trace_seq_size32_time9000_p[0.2, 0.8].out",101020,4179,31343,118049,358343,227930,180480,31.98345,23600528686,6995806653
"trace_seq_size8_time9000000_p[0.5, 0.5].out",31866,121,6641,31343,73318,505452,449749,11.149608,91186,211468
"trace_seq_size64_time900000_p[0.8, 0.2].out",186615,0,15567,15495,148646,303795,720046,63.989941,414513,603571
"trace_seq_size128_time900000_p[0.5, 0.5].out",809424,1008,113372,234427,259425,628555,449564,128.00209,687143,1135262
"trace_seq_size8_time900000_p[0.5, 0.5].out",31404,142,6429,31633,73247,502119,450823,11.155959,109548,210838
"trace_seq_size8_time900000_p[0.8, 0.2].out",29780,7,1269,15987,21736,203441,721109,11.161793,99449,131500
"trace_seq_size16_time90000000_p[0.2, 0.8].out",71709,20,4096,31251,123111,880033,180143,16.835958,127370,395668
"trace_seq_size8_time90000000_p[0.8, 0.2].out",29792,9,1365,16135,22006,205567,719512,11.168679,84272,132005
"trace_seq_size16_time9000_p[0.2, 0.8].out",26753,2604,16894,47002,286691,157359,180318,16.769674,7839353002,2445930732
"trace_seq_size128_time9000_p[0.8, 0.2].out",245989,2087,46126,128277,144959,248013,719969,128.009811,121355543027,76885438991
"trace_seq_size16_time9000_p[0.5, 0.5].out",32303,1280,15643,62652,285419,123707,450719,16.798927,13397871247,2647287141
"trace_seq_size64_time90000000_p[0.5, 0.5].out",485625,0,42879,43381,347010,578730,450367,64.023773,349338,715532
"trace_seq_size128_time900000_p[0.2, 0.8].out",1318693,2046,183413,386756,297099,802885,179873,128.001373,632098,1225238
"trace_seq_size8_time9000_p[0.5, 0.5].out",18614,1288,11597,41026,229468,87055,449295,11.180745,6533393805,1198889040
"trace_seq_size64_time90000000_p[0.8, 0.2].out",187941,0,15514,15350,148462,304570,720069,64.013161,340135,603673
"trace_seq_size32_time90000_p[0.5, 0.5].out",90117,1504,21507,113964,337162,211201,449569,32.035042,4207173,1749809
"trace_seq_size64_time90000000_p[0.2, 0.8].out",803705,0,72067,77303,404510,756447,180286,63.966087,358772,811294
"trace_seq_size32_time9000000_p[0.8, 0.2].out",110959,0,2647,27471,73602,276137,719753,32.022396,191854,343878
"trace_seq_size32_time90000000_p[0.2, 0.8].out",283351,3,8278,45855,206054,926785,180292,32.07019,203319,559203
"trace_seq_size8_time900000_p[0.2, 0.8].out",27736,35,4108,22898,88989,811336,180169,11.166282,109826,313227
"trace_seq_size16_time90000000_p[0.8, 0.2].out",48238,4,1887,21371,37348,239120,720215,16.771118,114322,194445
"trace_seq_size16_time900000_p[0.2, 0.8].out",70987,21,4080,31239,122958,877607,179279,16.807732,143546,394907
"trace_seq_size8_time90000_p[0.8, 0.2].out",28739,11,1913,16584,34300,166854,720238,11.171176,267272,132559
"trace_seq_size8_time90000000_p[0.2, 0.8].out",27941,34,4019,22677,88587,815154,180024,11.171506,98305,313195
"trace_seq_size128_time90000_p[0.8, 0.2].out",247211,2021,45785,128650,144645,249568,719737,128.018936,85454834202,53860709618
"trace_seq_size32_time900000_p[0.2, 0.8].out",281887,2,8699,46410,205827,920299,180205,32.019688,228805,560958
"trace_seq_size16_time9000000_p[0.5, 0.5].out",63215,68,7352,44588,100676,564855,450299,16.784006,120945,291813
"trace_seq_size32_time900000_p[0.8, 0.2].out",106288,4,2699,25095,77476,278514,720319,32.032658,233784,343640
"trace_seq_size64_time9000000_p[0.8, 0.2].out",188408,0,15928,14900,149212,305031,719682,63.984432,340141,603822
"trace_seq_size32_time9000000_p[0.5, 0.5].out",197377,17,8349,56237,182835,616307,450157,31.999844,197767,457964
"trace_seq_size128_time9000_p[0.2, 0.8].out",404336,33250,227262,690732,297844,265160,180908,127.977493,97868744119,66035035401
"trace_seq_size64_time90000_p[0.5, 0.5].out",206625,2631,44342,185607,412273,273683,450567,64.009254,26323577325,10425849181
"trace_seq_size64_time9000_p[0.2, 0.8].out",234942,9425,83645,302878,403039,227323,180116,63.964977,49779248122,21327156972
"trace_seq_size16_time9000000_p[0.2, 0.8].out",70796,18,4095,31453,123370,879841,180166,16.743074,127303,393840
"trace_seq_size128_time9000000_p[0.5, 0.5].out",828927,689,114425,226026,261322,641696,449679,127.998535,567559,1131779
"trace_seq_size8_time90000000_p[0.5, 0.5].out",31729,138,6664,31392,73230,506021,449248,11.161341,91257,211765
"trace_seq_size16_time900000_p[0.8, 0.2].out",48057,5,1829,21570,37340,239379,719783,16.773849,137228,194650
"trace_seq_size32_time90000000_p[0.5, 0.5].out",196524,20,8410,55500,186126,617229,449838,32.041325,198001,458731
"trace_seq_size64_time9000_p[0.8, 0.2].out",127886,184,15551,52961,187207,217877,719266,63.97715,62377095664,22217758064
"trace_seq_size64_time90000_p[0.2, 0.8].out",240655,9088,81686,302174,405300,229265,180337,64.032707,13708801258,5904862449
"trace_seq_size64_time9000000_p[0.5, 0.5].out",485391,0,43064,43321,347268,580427,449697,64.007889,349379,714841
"trace_seq_size16_time90000_p[0.5, 0.5].out",47579,430,11975,51046,156065,318251,450037,16.798122,357321,307602
"trace_seq_size16_time90000_p[0.2, 0.8].out",46120,597,8513,36695,138908,477792,180357,16.78104,210663,428977
"trace_seq_size128_time90000_p[0.2, 0.8].out",401962,33224,227204,694645,298481,263921,179721,128.020782,61199919819,41508535620
"trace_seq_size128_time9000000_p[0.2, 0.8].out",1345065,1411,185175,376660,298244,820284,179340,128.004898,574124,1218546
"trace_seq_size8_time9000000_p[0.2, 0.8].out",27941,30,4049,22648,88285,814083,179939,11.169279,98245,312018
"trace_seq_size32_time900000_p[0.5, 0.5].out",196069,12,8877,56813,182528,610179,450345,32.056465,242588,458716
"trace_seq_size64_time90000_p[0.8, 0.2].out",127483,180,15727,52055,186338,218509,720168,64.058723,26311174938,9373382506
"trace_seq_size64_time9000_p[0.5, 0.5].out",203021,2679,45334,187652,414214,271531,449503,64.05632,62491827185,24716466129
"trace_seq_size16_time90000000_p[0.5, 0.5].out",63237,65,7533,44290,100119,565407,449732,16.800346,120904,291846
"trace_seq_size128_time9000000_p[0.8, 0.2].out",328798,177,44979,86841,120586,323210,719530,128.043121,560109,1044471
"trace_seq_size64_time900000_p[0.2, 0.8].out",793627,10,72432,80223,401453,748526,180132,63.986115,393256,813863
"trace_seq_size16_time900000_p[0.5, 0.5].out",62388,58,7382,44755,100306,560412,450375,16.771269,147266,291259
"trace_seq_size8_time9000_p[0.8, 0.2].out",20861,58,3136,24172,103492,69834,719325,11.161048,6980829951,676968282
