filename,Normal_page_read_count,Multi-plane_one_shot_read_count,One_shot_read_count,Multi-plane_read_count,Multi-plane_SOML_read_count,SOML_read_count,Write_request_count,Write_request_average_size,Read_request_average_response_time,Write_request_average_response_time
"trace_seq_size8_time9000000_p[0.8, 0.2].out",29331,4,1014,16920,13370,212423,720243,11.18881,76985,131159
"trace_seq_size128_time9000_p[0.5, 0.5].out",535628,711,67434,457463,362047,315380,450186,128.02124,115513742447,65280224853
"trace_seq_size32_time9000_p[0.5, 0.5].out",87689,96,15143,117032,336508,239835,450036,32.02911,32406355476,7631010063
"trace_seq_size64_time900000_p[0.5, 0.5].out",616006,4,2884,354,159070,833773,450143,63.991653,312183,668525
"trace_seq_size16_time9000_p[0.8, 0.2].out",32068,6,2399,35603,115841,110700,719914,16.767193,13618088658,1665846174
"trace_seq_size32_time9000000_p[0.2, 0.8].out",301825,2,1670,33254,62268,1100034,179726,31.975073,148520,539067
"trace_seq_size8_time90000_p[0.5, 0.5].out",26586,110,6300,36075,69982,381574,449570,11.195384,214123,219721
"trace_seq_size8_time9000_p[0.2, 0.8].out",9766,180,7883,32518,193102,171696,179878,11.185824,3215237730,1075749592
"trace_seq_size128_time900000_p[0.8, 0.2].out",584065,1,1151,9991,135164,336214,719521,128.013672,612011,919333
"trace_seq_size128_time90000000_p[0.8, 0.2].out",583283,2,1103,9135,134310,336964,720456,127.995102,279308,920683
"trace_seq_size8_time90000_p[0.2, 0.8].out",22464,23,3671,26510,62156,589476,180431,11.166622,135243,321186
"trace_seq_size16_time9000000_p[0.8, 0.2].out",48316,0,1350,22881,18670,257977,719676,16.785879,98544,192657
"trace_seq_size128_time90000000_p[0.5, 0.5].out",1487515,7,3275,30122,301792,670902,449896,127.987587,285304,1018185
"trace_seq_size128_time90000000_p[0.2, 0.8].out",2422833,1,1557,60770,315910,913004,179818,128.003525,291242,1106012
"trace_seq_size32_time90000_p[0.2, 0.8].out",183443,60,8337,83731,219175,485824,180356,31.986233,508980,668386
"trace_seq_size64_time9000000_p[0.2, 0.8].out",1044218,0,864,0,113330,1176052,179984,64.037712,185604,764876
"trace_seq_size32_time9000_p[0.8, 0.2].out",69959,8,2977,53208,141356,166099,719940,32.006836,31346262708,5961179821
"trace_seq_size32_time90000000_p[0.8, 0.2].out",109978,0,1219,24396,42652,317909,719749,32.005428,143508,333417
"trace_seq_size128_time90000_p[0.5, 0.5].out",538483,721,67871,455775,361707,316373,449907,127.98671,78957625433,44695752254
"trace_seq_size32_time90000_p[0.8, 0.2].out",79796,5,2255,45300,127258,185605,720195,32.039646,1004221,424677
"trace_seq_size16_time90000_p[0.8, 0.2].out",45259,5,1565,25016,36378,210822,720167,16.798126,446642,202082
"trace_seq_size32_time9000_p[0.2, 0.8].out",110187,379,22545,122402,323604,293820,180480,31.983316,22353908139,6350618243
"trace_seq_size8_time9000000_p[0.5, 0.5].out",31476,109,6401,32347,47778,530170,449749,11.149608,82495,207998
"trace_seq_size64_time900000_p[0.8, 0.2].out",233432,0,678,35,67382,414555,720046,63.989891,334138,561257
"trace_seq_size128_time900000_p[0.5, 0.5].out",1471070,4,3799,37180,300120,659285,449564,128.003372,541874,1017821
"trace_seq_size8_time900000_p[0.5, 0.5].out",31281,112,6361,32374,47291,527210,450823,11.156096,102217,207582
"trace_seq_size8_time900000_p[0.8, 0.2].out",29238,4,954,16882,13496,211434,721109,11.161968,91865,130724
"trace_seq_size16_time90000000_p[0.2, 0.8].out",73074,10,2970,31943,40398,963440,180143,16.835958,107321,384317
"trace_seq_size8_time90000000_p[0.8, 0.2].out",29209,3,1052,17161,13574,213502,719512,11.168679,77026,131233
"trace_seq_size16_time9000_p[0.2, 0.8].out",24163,237,11680,52993,259094,213049,180318,16.769661,7378898006,2203364372
"trace_seq_size128_time9000_p[0.8, 0.2].out",368995,81,10016,121868,164942,240730,719969,128.012589,118541361178,63785708550
"trace_seq_size16_time9000_p[0.5, 0.5].out",29877,157,11013,68463,262501,162386,450719,16.798721,13397365988,2552705598
"trace_seq_size64_time90000000_p[0.5, 0.5].out",619073,3,3006,0,156868,841786,450367,64.023773,184047,667830
"trace_seq_size128_time900000_p[0.2, 0.8].out",2396134,4,2543,70730,317061,896501,179873,128.001373,413206,1110133
"trace_seq_size8_time9000_p[0.5, 0.5].out",16250,151,8063,44406,211707,122913,449295,11.180814,6582858794,1167258247
"trace_seq_size64_time90000000_p[0.8, 0.2].out",234228,1,676,0,66928,415025,720069,64.013161,182383,559628
"trace_seq_size32_time90000_p[0.5, 0.5].out",95021,97,13589,117281,317638,255520,449569,32.035179,2997029,1366266
"trace_seq_size64_time90000000_p[0.2, 0.8].out",1043543,1,813,0,113890,1175594,180286,63.966087,185643,766229
"trace_seq_size32_time9000000_p[0.8, 0.2].out",113227,0,1242,25894,39892,314947,719753,32.022396,143518,333680
"trace_seq_size32_time90000000_p[0.2, 0.8].out",300990,1,1576,34087,61004,1097851,180292,32.07019,148375,539343
"trace_seq_size8_time900000_p[0.2, 0.8].out",27717,30,3531,23633,41735,858813,180169,11.166403,100821,304895
"trace_seq_size16_time90000000_p[0.8, 0.2].out",48097,1,1284,23060,18638,256417,720215,16.771118,98405,192136
"trace_seq_size16_time900000_p[0.2, 0.8].out",72314,8,2834,31955,39724,961919,179279,16.807735,126713,384118
"trace_seq_size8_time90000_p[0.8, 0.2].out",28178,4,962,17719,19164,186060,720238,11.171309,263029,135026
"trace_seq_size8_time90000000_p[0.2, 0.8].out",27980,22,3537,23412,41421,862324,180024,11.171506,88037,305387
"trace_seq_size128_time90000_p[0.8, 0.2].out",370730,21,9582,122121,164891,241819,719737,128.018936,82561840890,44294791294
"trace_seq_size32_time900000_p[0.2, 0.8].out",300483,1,1669,34009,61032,1092764,180205,32.019505,183602,541080
"trace_seq_size16_time9000000_p[0.5, 0.5].out",64325,68,7358,45435,49585,613121,450299,16.784006,102906,284794
"trace_seq_size32_time900000_p[0.8, 0.2].out",108552,3,1189,23624,43622,317584,720319,32.033054,205436,333364
"trace_seq_size64_time9000000_p[0.8, 0.2].out",234533,0,682,0,67038,416619,719682,63.984432,182422,560995
"trace_seq_size32_time9000000_p[0.5, 0.5].out",207808,10,5476,48627,91930,720664,450157,31.999844,146032,439515
"trace_seq_size128_time9000_p[0.2, 0.8].out",530837,4141,182685,754481,360694,267181,180908,127.977524,96502707302,57286869480
"trace_seq_size64_time90000_p[0.5, 0.5].out",227234,111,25507,204484,374353,333078,450567,64.0093,25813838895,9402409468
"trace_seq_size64_time9000_p[0.2, 0.8].out",295252,984,63406,309869,354414,315577,180116,63.964882,49029557201,19649379193
"trace_seq_size16_time9000000_p[0.2, 0.8].out",72119,8,2843,32038,40076,964458,180166,16.743074,107240,382348
"trace_seq_size128_time9000000_p[0.5, 0.5].out",1488931,4,3205,30441,301192,670763,449679,127.998535,285297,1017010
"trace_seq_size8_time90000000_p[0.5, 0.5].out",31543,116,6531,32201,47478,530867,449248,11.161341,82552,208019
"trace_seq_size16_time900000_p[0.8, 0.2].out",48001,2,1303,23168,18509,256640,719783,16.773966,125364,192272
"trace_seq_size32_time90000000_p[0.5, 0.5].out",207817,17,5602,47509,94122,722361,449838,32.041325,146138,439807
"trace_seq_size64_time9000_p[0.8, 0.2].out",142230,12,3024,59347,164493,254434,719266,63.977131,61327534276,20046018135
"trace_seq_size64_time90000_p[0.2, 0.8].out",310952,978,60575,303752,351635,324838,180337,64.031754,12968655285,5187269227
"trace_seq_size64_time9000000_p[0.5, 0.5].out",619285,1,2969,0,157788,842936,449697,64.007889,184008,668444
"trace_seq_size16_time90000_p[0.5, 0.5].out",50129,76,8657,53578,107594,386510,450037,16.797781,365284,309367
"trace_seq_size16_time90000_p[0.2, 0.8].out",55866,15,4469,39180,86252,584499,180357,16.781202,209175,416038
"trace_seq_size128_time90000_p[0.2, 0.8].out",526146,4277,186544,753577,361120,264644,179721,128.020782,59809079780,35678373954
"trace_seq_size128_time9000000_p[0.2, 0.8].out",2425198,1,1572,60889,316662,912547,179340,128.004898,291242,1106198
"trace_seq_size8_time9000000_p[0.2, 0.8].out",28045,20,3567,23352,41349,861020,179939,11.169279,88033,304413
"trace_seq_size32_time900000_p[0.5, 0.5].out",206865,18,5765,49022,91104,715833,450345,32.056667,209530,441004
"trace_seq_size64_time90000_p[0.8, 0.2].out",142953,1,2780,58075,162867,256433,720168,64.060501,25291951996,8262001445
"trace_seq_size64_time9000_p[0.5, 0.5].out",223544,164,26911,206169,376919,329982,449503,64.058182,62084501046,22544488625
"trace_seq_size16_time90000000_p[0.5, 0.5].out",64277,76,7250,45659,49252,613279,449732,16.800346,102833,284425
"trace_seq_size128_time9000000_p[0.8, 0.2].out",586555,2,1157,9194,135290,338559,719530,128.043121,279557,919952
"trace_seq_size64_time900000_p[0.2, 0.8].out",1040027,0,826,596,117168,1161323,180132,63.985661,250602,766926
"trace_seq_size16_time900000_p[0.5, 0.5].out",63969,69,7115,45471,49577,608954,450375,16.771227,135110,284547
"trace_seq_size8_time9000_p[0.8, 0.2].out",20254,3,1896,25258,95549,81148,719325,11.161007,6991661463,672105591
