filename,Normal_page_read_count,Multi-plane_one_shot_read_count,One_shot_read_count,Multi-plane_read_count,Multi-plane_SOML_read_count,SOML_read_count,Write_request_count,Write_request_average_size,Read_request_average_response_time,Write_request_average_response_time
"trace_seq_size8_time9000000_p[0.8, 0.2].out",50750,0,24,4453,28912,203394,720243,11.18881,79040,126136
"trace_seq_size128_time9000_p[0.5, 0.5].out",112546,423,64491,696960,310002,320030,450186,128.022263,110477490955,48294372028
"trace_seq_size32_time9000_p[0.5, 0.5].out",62162,40,10555,145476,415275,139451,450036,32.02969,31146799739,7511106140
"trace_seq_size64_time900000_p[0.5, 0.5].out",274643,0,289,253129,93068,742896,450143,63.991581,356289,681144
"trace_seq_size16_time9000_p[0.8, 0.2].out",27407,0,536,40012,159077,68760,719914,16.766832,13215726173,1636432105
"trace_seq_size32_time9000000_p[0.2, 0.8].out",265568,1,151,85391,376906,721940,179726,31.975073,169760,495874
"trace_seq_size8_time90000_p[0.5, 0.5].out",54105,3,1291,22820,132299,330634,449570,11.195314,220952,277821
"trace_seq_size8_time9000_p[0.2, 0.8].out",13897,28,7391,32514,251843,106359,179878,11.185831,3254459035,1116024478
"trace_seq_size128_time900000_p[0.8, 0.2].out",111976,0,12,275673,28425,387182,719521,128.013672,603182,836494
"trace_seq_size128_time90000000_p[0.8, 0.2].out",112713,0,11,273480,28846,387596,720456,127.995102,351692,743207
"trace_seq_size8_time90000_p[0.2, 0.8].out",38298,1,487,17717,150155,499939,180431,11.166646,139272,359013
"trace_seq_size16_time9000000_p[0.8, 0.2].out",76731,0,17,6870,57284,226965,719676,16.785879,103165,186578
"trace_seq_size128_time90000000_p[0.5, 0.5].out",281197,0,50,702936,91996,751104,449896,127.987587,353146,824359
"trace_seq_size128_time90000000_p[0.2, 0.8].out",450352,0,18,1152322,76538,946373,179818,128.003525,354667,884711
"trace_seq_size32_time90000_p[0.2, 0.8].out",139914,2,8160,125602,301832,349617,180356,31.985922,528658,815439
"trace_seq_size64_time9000000_p[0.2, 0.8].out",446255,0,69,431789,74084,952064,179984,64.037712,270387,686205
"trace_seq_size32_time9000_p[0.8, 0.2].out",58104,11,572,66864,198913,99700,719940,32.00684,30342810321,5979147263
"trace_seq_size32_time90000000_p[0.8, 0.2].out",133892,0,26,19486,101674,248371,719749,32.005428,161032,332918
"trace_seq_size128_time90000_p[0.5, 0.5].out",112257,359,64957,697133,311117,319240,449907,127.986671,73926692860,32341983791
"trace_seq_size32_time90000_p[0.8, 0.2].out",69197,0,177,58707,179737,122795,720195,32.038715,952256,494107
"trace_seq_size16_time90000_p[0.8, 0.2].out",62706,0,45,16827,89284,160265,720167,16.79731,441729,245403
"trace_seq_size32_time9000_p[0.2, 0.8].out",63697,185,32372,156675,402073,161522,180480,31.983238,22228283547,6360561927
"trace_seq_size8_time9000000_p[0.5, 0.5].out",67609,0,781,13650,96219,500495,449749,11.149608,84986,189876
"trace_seq_size64_time900000_p[0.8, 0.2].out",109817,0,17,94303,31416,387099,720046,63.989906,375407,596923
"trace_seq_size128_time900000_p[0.5, 0.5].out",273930,0,45,707208,96648,731143,449564,128.003372,542821,872097
"trace_seq_size8_time900000_p[0.5, 0.5].out",67291,1,798,13593,96783,496656,450823,11.155958,97800,191616
"trace_seq_size8_time900000_p[0.8, 0.2].out",50561,0,29,4435,28908,202386,721109,11.161826,91127,125970
"trace_seq_size16_time90000000_p[0.2, 0.8].out",95065,0,326,22386,265066,743887,180143,16.835958,113311,345142
"trace_seq_size8_time90000000_p[0.8, 0.2].out",51018,0,31,4492,29294,204392,719512,11.168679,79097,126162
"trace_seq_size16_time9000_p[0.2, 0.8].out",24257,59,13211,57599,335959,119471,180318,16.769503,7413796393,2247100395
"trace_seq_size128_time9000_p[0.8, 0.2].out",70278,98,1569,292244,120342,269155,719969,128.011856,114319051905,48669544925
"trace_seq_size16_time9000_p[0.5, 0.5].out",30188,48,6650,74258,326533,96769,450719,16.798677,13073604137,2559603984
"trace_seq_size64_time90000000_p[0.5, 0.5].out",276775,0,262,253007,88918,754269,450367,64.023773,265397,632395
"trace_seq_size128_time900000_p[0.2, 0.8].out",442075,0,12,1155271,79569,927496,179873,128.001373,438483,914420
"trace_seq_size8_time9000_p[0.5, 0.5].out",19371,17,4459,45842,255823,81172,449295,11.180792,6563991669,1194980085
"trace_seq_size64_time90000000_p[0.8, 0.2].out",109677,0,18,94584,30112,389204,720069,64.013161,260316,564327
"trace_seq_size32_time90000_p[0.5, 0.5].out",78563,10,6376,141690,379819,179567,449569,32.034374,1304068,886222
"trace_seq_size64_time90000000_p[0.2, 0.8].out",446443,0,85,431244,73700,952583,180286,63.966087,270422,686620
"trace_seq_size32_time9000000_p[0.8, 0.2].out",139364,0,20,19966,101316,242907,719753,32.022396,161111,332824
"trace_seq_size32_time90000000_p[0.2, 0.8].out",266023,1,160,85328,376332,719250,180292,32.07019,169489,494869
"trace_seq_size8_time900000_p[0.2, 0.8].out",47797,0,399,12621,165410,746632,180169,11.166247,99049,277258
"trace_seq_size16_time90000000_p[0.8, 0.2].out",76973,0,20,6789,56714,225803,720215,16.771118,103035,186336
"trace_seq_size16_time900000_p[0.2, 0.8].out",94320,0,341,22292,266787,739567,179279,16.807678,125295,352515
"trace_seq_size8_time90000_p[0.8, 0.2].out",44522,0,62,8861,49041,159619,720238,11.171381,262251,160166
"trace_seq_size8_time90000000_p[0.2, 0.8].out",48029,0,390,12412,165501,749768,180024,11.171506,90978,272855
"trace_seq_size128_time90000_p[0.8, 0.2].out",70922,0,1360,292757,121364,269513,719737,128.01947,78420252678,33243651704
"trace_seq_size32_time900000_p[0.2, 0.8].out",263841,0,165,86380,376501,713517,180205,32.019718,191650,514248
"trace_seq_size16_time9000000_p[0.5, 0.5].out",113899,0,690,21994,162106,518318,450299,16.784006,108230,263165
"trace_seq_size32_time900000_p[0.8, 0.2].out",130985,0,16,19429,101690,249035,720319,32.0326,209350,344303
"trace_seq_size64_time9000000_p[0.8, 0.2].out",109957,0,17,94663,30668,390234,719682,63.984432,260517,564132
"trace_seq_size32_time9000000_p[0.5, 0.5].out",231396,0,602,58542,258724,525130,450157,31.999844,165437,420253
"trace_seq_size128_time9000_p[0.2, 0.8].out",104528,4459,281405,897617,218871,237257,180908,127.977516,94612730842,43452513682
"trace_seq_size64_time90000_p[0.5, 0.5].out",112301,11,22705,304166,377252,247937,450567,64.00901,23627048542,8236353830
"trace_seq_size64_time9000_p[0.2, 0.8].out",119106,663,100373,413934,294311,222896,180116,63.965023,47687048418,17310037559
"trace_seq_size16_time9000000_p[0.2, 0.8].out",94209,0,318,22442,265802,743452,180166,16.743074,113228,343228
"trace_seq_size128_time9000000_p[0.5, 0.5].out",281581,0,51,703555,92368,750195,449679,127.998535,353177,824608
"trace_seq_size8_time90000000_p[0.5, 0.5].out",67434,0,800,13682,97032,500350,449248,11.161341,85060,190129
"trace_seq_size16_time900000_p[0.8, 0.2].out",77046,0,10,6808,56878,225838,719783,16.774063,123406,187879
"trace_seq_size32_time90000000_p[0.5, 0.5].out",229367,0,590,58561,259440,528528,449838,32.041325,165579,420905
"trace_seq_size64_time9000_p[0.8, 0.2].out",73638,10,641,117681,170834,205538,719266,63.977055,59667771484,19719033654
"trace_seq_size64_time90000_p[0.2, 0.8].out",125114,553,98559,413274,292559,227308,180337,64.033073,11675298304,4262779693
"trace_seq_size64_time9000000_p[0.5, 0.5].out",277630,0,279,252919,88670,755943,449697,64.007889,265380,632822
"trace_seq_size16_time90000_p[0.5, 0.5].out",80062,3,1395,42662,204046,299926,450037,16.79772,370905,400487
"trace_seq_size16_time90000_p[0.2, 0.8].out",65628,1,498,34845,203495,456066,180357,16.78104,214550,568437
"trace_seq_size128_time90000_p[0.2, 0.8].out",103737,4797,282639,897914,217669,237023,179721,128.020172,57932264225,26208850631
"trace_seq_size128_time9000000_p[0.2, 0.8].out",450475,0,23,1153434,75978,947514,179340,128.004898,354750,884757
"trace_seq_size8_time9000000_p[0.2, 0.8].out",47962,1,381,12418,164321,749665,179939,11.169279,90957,271694
"trace_seq_size32_time900000_p[0.5, 0.5].out",230107,0,608,59415,259035,519545,450345,32.056465,208566,446338
"trace_seq_size64_time90000_p[0.8, 0.2].out",73440,0,354,117148,169861,206723,720168,64.058479,23623241839,7797548527
"trace_seq_size64_time9000_p[0.5, 0.5].out",109942,52,24056,304208,380793,245696,449503,64.058968,59867614583,20805734529
"trace_seq_size16_time90000000_p[0.5, 0.5].out",113900,0,725,22037,161868,518316,449732,16.800346,108180,263173
"trace_seq_size128_time9000000_p[0.8, 0.2].out",112679,0,7,275432,29232,389478,719530,128.043121,351347,743055
"trace_seq_size64_time900000_p[0.2, 0.8].out",444034,0,71,430920,75632,940838,180132,63.986042,312194,715814
"trace_seq_size16_time900000_p[0.5, 0.5].out",113305,0,755,21832,161722,513945,450375,16.770916,129639,269512
"trace_seq_size8_time9000_p[0.8, 0.2].out",19181,0,420,27816,123977,52922,719325,11.160994,6804240970,657842929
