filename,Normal_page_read_count,Multi-plane_one_shot_read_count,One_shot_read_count,Multi-plane_read_count,Multi-plane_SOML_read_count,SOML_read_count,Write_request_count,Write_request_average_size,Read_request_average_response_time,Write_request_average_response_time
"trace_random_size128_time9000000_p[0.8, 0.2].out",254752,1283,93845,79893,63464,628859,719737,128.008774,551562,1341412
"trace_random_size64_time9000_p[0.8, 0.2].out",144971,2952,23674,78267,303488,369929,720106,63.997528,79899094330,39218884997
"trace_random_size8_time9000_p[0.2, 0.8].out",12563,2247,10085,15158,677226,343398,179519,11.167671,18718650333,3836658399
"trace_random_size16_time900000_p[0.2, 0.8].out",84647,0,302,5217,143560,1008266,180108,16.774506,146168,406941
"trace_random_size32_time9000000_p[0.2, 0.8].out",322274,0,7178,23329,166961,1033098,180970,32.027451,200159,543645
"trace_random_size8_time900000_p[0.5, 0.5].out",33935,0,51,5741,191960,802296,450001,11.166153,135633,362054
"trace_random_size32_time9000_p[0.5, 0.5].out",91584,7337,19320,104688,573422,325376,449913,32.031368,42422352096,13776517282
"trace_random_size128_time9000000_p[0.2, 0.8].out",967478,5184,397657,275294,117646,880943,179717,128.004257,541789,1357942
"trace_random_size8_time90000_p[0.5, 0.5].out",22993,634,2716,15538,509576,463427,450113,11.167852,685799,570628
"trace_random_size64_time9000000_p[0.2, 0.8].out",744082,0,107383,97785,211021,830911,180070,64.042892,329397,818053
"trace_random_size64_time9000000_p[0.5, 0.5].out",476705,0,67539,64556,175334,740077,450214,63.985874,331552,818891
"trace_random_size8_time9000000_p[0.8, 0.2].out",43480,0,3,9108,222171,623618,719835,11.167713,106082,356760
"trace_random_size128_time90000_p[0.2, 0.8].out",288431,116256,216502,693408,397213,318232,180091,128.022675,64514675876,53107129024
"trace_random_size64_time90000_p[0.8, 0.2].out",144977,2888,24232,77705,302193,370274,720381,64.035835,43692991142,21492682367
"trace_random_size16_time9000000_p[0.8, 0.2].out",68225,0,54,9886,175827,622169,719346,16.759941,132319,407948
"trace_random_size16_time90000000_p[0.8, 0.2].out",68181,0,69,9977,175222,623184,720102,16.768063,132697,408054
"trace_random_size64_time90000000_p[0.2, 0.8].out",742123,0,109003,98064,209354,831484,179127,64.029213,329535,819066
"trace_random_size32_time90000_p[0.8, 0.2].out",76215,660,7404,47949,384222,345402,719398,31.988485,15597735786,5066631831
"trace_random_size128_time900000_p[0.8, 0.2].out",260835,1489,95067,74722,65908,626305,719998,128.053314,791150,1441818
"trace_random_size8_time900000_p[0.8, 0.2].out",43890,0,4,9021,221765,623812,719842,11.172061,149080,356743
"trace_random_size8_time9000000_p[0.5, 0.5].out",33524,0,7,5774,190228,803985,449311,11.164676,106121,361508
"trace_random_size128_time900000_p[0.2, 0.8].out",969467,5495,393962,281040,119353,875444,179527,127.967728,601586,1390073
"trace_random_size32_time90000000_p[0.5, 0.5].out",224339,0,4489,18553,168269,858028,450495,32.001141,200521,547718
"trace_random_size8_time90000000_p[0.8, 0.2].out",43404,0,1,9141,221989,623751,720237,11.162965,106068,356661
"trace_random_size64_time90000_p[0.2, 0.8].out",200105,40610,80445,398651,552406,268452,180391,64.064911,18435671678,9086030867
"trace_random_size128_time90000000_p[0.5, 0.5].out",611444,3140,241440,185245,96982,787330,449211,128.014008,547078,1355283
"trace_random_size8_time90000_p[0.2, 0.8].out",23087,535,2186,5860,297255,766349,179438,11.197926,347264,487748
"trace_random_size128_time90000_p[0.8, 0.2].out",200151,12709,79342,116964,209348,437683,720085,128.002029,100122640625,82733944287
"trace_random_size64_time900000_p[0.2, 0.8].out",740898,46,107487,98827,211026,830557,180367,63.997509,360774,821595
"trace_random_size16_time9000000_p[0.5, 0.5].out",76262,0,120,8261,177105,837089,449979,16.772581,132344,415734
"trace_random_size64_time9000_p[0.2, 0.8].out",198909,40323,78958,400969,556610,267706,180257,63.976723,54766381001,26976543219
"trace_random_size64_time90000000_p[0.5, 0.5].out",477323,0,66266,64857,175517,740955,450614,63.96666,331156,818679
"trace_random_size16_time90000000_p[0.2, 0.8].out",84267,0,193,5299,143190,1008342,179411,16.766605,132110,406043
"trace_random_size64_time900000_p[0.5, 0.5].out",475102,36,66953,66714,176864,738066,450034,63.980034,406235,827407
"trace_random_size64_time9000_p[0.5, 0.5].out",213963,21155,51989,219361,445873,341272,450330,64.013054,68224653152,33525447189
"trace_random_size16_time9000000_p[0.2, 0.8].out",83423,0,188,5325,143673,1009648,179335,16.777813,132197,407076
"trace_random_size16_time90000_p[0.8, 0.2].out",40185,232,2872,33630,459694,310063,719890,16.768742,2952739917,714533158
"trace_random_size16_time9000_p[0.2, 0.8].out",34205,6632,18414,43926,694990,333788,180205,16.759624,23442683050,5645846228
"trace_random_size64_time900000_p[0.8, 0.2].out",211925,6,26336,29127,121308,593687,719920,64.014328,445935,820609
"trace_random_size16_time90000_p[0.2, 0.8].out",64264,2478,7892,20880,388659,713681,179942,16.785122,478750,593284
"trace_random_size128_time900000_p[0.5, 0.5].out",610953,3852,240889,185521,98154,780974,449898,128.009674,699910,1427692
"trace_random_size8_time9000_p[0.5, 0.5].out",15067,1120,4969,22515,685703,272515,450114,11.176896,25533234189,5260850865
"trace_random_size128_time9000_p[0.8, 0.2].out",193467,12970,81681,115919,209053,436160,720309,128.020996,136796003529,112588020730
"trace_random_size8_time90000000_p[0.5, 0.5].out",33884,0,5,5688,189152,804680,449988,11.174069,106148,362051
"trace_random_size128_time9000_p[0.2, 0.8].out",286608,116501,216445,692235,396382,319575,180770,128.018906,101028882989,83138491407
"trace_random_size32_time90000_p[0.2, 0.8].out",123353,13705,30804,143045,626890,381243,180399,32.01963,1233539,1013508
"trace_random_size128_time9000_p[0.5, 0.5].out",322287,64896,158258,350227,310424,410224,449809,128.037308,119910441277,98537655963
"trace_random_size32_time900000_p[0.8, 0.2].out",125063,0,1838,11964,141818,629703,720394,32.033649,270319,539336
"trace_random_size16_time9000_p[0.5, 0.5].out",32711,2720,9376,43988,650815,291294,450960,16.778257,30294923877,7313098355
"trace_random_size16_time90000000_p[0.5, 0.5].out",75697,0,141,8076,177734,837696,450231,16.765198,132257,415350
"trace_random_size8_time9000000_p[0.2, 0.8].out",27163,0,15,2207,122627,954086,179933,11.163061,106192,348681
"trace_random_size64_time90000_p[0.5, 0.5].out",213859,20976,53984,218263,445002,341625,449703,64.019455,31995178588,15730380184
"trace_random_size32_time90000000_p[0.8, 0.2].out",124891,0,1859,11779,141441,631226,720123,32.008244,201170,538610
"trace_random_size32_time90000_p[0.5, 0.5].out",94252,6751,18338,104155,572265,331253,450083,32.061832,6907252201,2236567036
"trace_random_size16_time90000_p[0.5, 0.5].out",42231,2123,7230,36774,570089,387394,449961,16.75226,876906,701926
"trace_random_size8_time9000_p[0.8, 0.2].out",24832,68,1384,26201,532773,293316,719683,11.156083,32950686534,6803656820
"trace_random_size32_time9000000_p[0.5, 0.5].out",224326,0,4429,18456,168780,859603,450066,31.999882,200553,548149
"trace_random_size128_time9000000_p[0.5, 0.5].out",611012,3186,240148,186622,96711,788030,449483,127.974159,547130,1354900
"trace_random_size64_time90000000_p[0.8, 0.2].out",213048,0,26270,29026,121532,593614,719762,63.998981,332953,808061
"trace_random_size16_time900000_p[0.8, 0.2].out",67945,0,61,9828,176198,623243,719129,16.768318,182255,408175
"trace_random_size128_time90000_p[0.5, 0.5].out",324845,65156,158189,348264,310101,410661,449576,128.038589,83362756908,68561208624
"trace_random_size32_time9000_p[0.2, 0.8].out",100483,16925,34676,155269,664497,310829,180352,32.017693,33827505973,10921857087
"trace_random_size32_time90000000_p[0.2, 0.8].out",322185,0,7065,23652,167330,1033338,179552,32.011681,200045,544021
"trace_random_size16_time9000_p[0.8, 0.2].out",39971,294,3226,33949,460070,308174,720330,16.781452,37992463935,9187491681
"trace_random_size128_time90000000_p[0.2, 0.8].out",975690,5211,391039,279463,118704,880340,180098,127.959946,541544,1357372
"trace_random_size64_time9000000_p[0.8, 0.2].out",211552,0,27023,28814,120466,592256,719713,63.988636,332786,807362
"trace_random_size128_time90000000_p[0.8, 0.2].out",248316,1313,97951,77985,63708,629340,719266,128.005951,552776,1341523
"trace_random_size16_time900000_p[0.5, 0.5].out",76653,0,190,8367,178214,837359,449509,16.786604,165925,416213
"trace_random_size8_time900000_p[0.2, 0.8].out",27138,0,38,2244,123985,952107,181057,11.159075,117803,348281
"trace_random_size32_time900000_p[0.2, 0.8].out",321834,3,7442,23435,168893,1031917,179649,32.031555,219108,544214
"trace_random_size32_time9000000_p[0.8, 0.2].out",124976,0,1685,11703,141974,630655,720394,32.055885,201060,538708
"trace_random_size8_time90000000_p[0.2, 0.8].out",27234,0,9,2209,121973,954507,180078,11.171837,106146,348831
"trace_random_size8_time90000_p[0.8, 0.2].out",26418,85,1158,24952,521713,305603,719791,11.153297,363573054,75392929
"trace_random_size32_time9000_p[0.8, 0.2].out",75328,894,7465,48250,385638,342440,719802,32.016125,51181368714,16656464126
"trace_random_size32_time900000_p[0.5, 0.5].out",224394,1,4666,18658,170293,855739,450266,32.057449,246710,548810
