filename,Normal_page_read_count,Multi-plane_one_shot_read_count,One_shot_read_count,Multi-plane_read_count,Multi-plane_SOML_read_count,SOML_read_count,Write_request_count,Write_request_average_size,Read_request_average_response_time,Write_request_average_response_time
"trace_random_size128_time9000000_p[0.8, 0.2].out",264869,1244,22902,205186,72161,572522,719737,128.008774,524912,1341435
"trace_random_size64_time9000_p[0.8, 0.2].out",117124,2971,3066,130398,314161,344552,720106,63.997879,79228794944,38889814922
"trace_random_size8_time9000_p[0.2, 0.8].out",10805,2083,59,17817,710465,337661,179519,11.167641,18371120105,3767163887
"trace_random_size16_time900000_p[0.2, 0.8].out",78377,0,3,11763,172217,973684,180108,16.774506,144749,406319
"trace_random_size32_time9000000_p[0.2, 0.8].out",289273,0,43,63354,201842,972573,180970,32.027451,195581,542938
"trace_random_size8_time900000_p[0.5, 0.5].out",29971,0,2,9807,217703,772532,450001,11.166183,134499,361347
"trace_random_size32_time9000_p[0.5, 0.5].out",75656,7253,1217,137832,627536,275714,449913,32.031342,41783325756,13569111229
"trace_random_size128_time9000000_p[0.2, 0.8].out",1215567,5102,126424,621483,172077,700236,179717,128.004257,525922,1357904
"trace_random_size8_time90000_p[0.5, 0.5].out",19893,616,13,19140,523870,453250,450113,11.167753,681514,569672
"trace_random_size64_time9000000_p[0.2, 0.8].out",763427,0,23541,197279,210446,864679,180070,64.042892,322650,817932
"trace_random_size64_time9000000_p[0.5, 0.5].out",438916,0,13453,170086,164394,740004,450214,63.985874,318992,818895
"trace_random_size8_time9000000_p[0.8, 0.2].out",37826,0,0,14984,241739,597961,719835,11.167713,104905,356180
"trace_random_size128_time90000_p[0.2, 0.8].out",318269,104354,46190,1010472,438638,195190,180091,128.020508,62707750494,51619803936
"trace_random_size64_time90000_p[0.8, 0.2].out",117727,2916,3003,129486,313237,346436,720381,64.036156,43021654069,21162477934
"trace_random_size16_time9000000_p[0.8, 0.2].out",60781,0,0,17577,209676,580544,719346,16.759941,129793,407201
"trace_random_size16_time90000000_p[0.8, 0.2].out",60640,0,0,17749,209540,581070,720102,16.768063,130225,407292
"trace_random_size64_time90000000_p[0.2, 0.8].out",763018,0,23664,198018,208548,867504,179127,64.029213,322815,818966
"trace_random_size32_time90000_p[0.8, 0.2].out",62492,623,641,67945,420348,303517,719398,31.988148,15195380521,4935995614
"trace_random_size128_time900000_p[0.8, 0.2].out",266614,1421,22647,204323,74862,570038,719998,128.04837,764344,1441146
"trace_random_size8_time900000_p[0.8, 0.2].out",38010,0,0,15077,242109,597248,719842,11.172132,148324,356139
"trace_random_size8_time9000000_p[0.5, 0.5].out",29769,0,0,9614,215402,774907,449311,11.164676,105109,360942
"trace_random_size128_time900000_p[0.2, 0.8].out",1201145,5427,127468,628783,172253,695270,179527,127.967728,585244,1390186
"trace_random_size32_time90000000_p[0.5, 0.5].out",189287,0,28,57894,223574,772476,450495,32.001141,193226,546886
"trace_random_size8_time90000000_p[0.8, 0.2].out",37591,0,0,15106,242189,597437,720237,11.162965,104942,356012
"trace_random_size64_time90000_p[0.2, 0.8].out",195914,39590,9259,503395,620909,214326,180391,64.066277,17535354602,8642286092
"trace_random_size128_time90000000_p[0.5, 0.5].out",692916,3048,66759,457448,125787,657242,449211,128.014008,525024,1355264
"trace_random_size8_time90000_p[0.2, 0.8].out",21034,582,16,8114,313103,754278,179438,11.197858,345117,484822
"trace_random_size128_time90000_p[0.8, 0.2].out",192041,11828,16157,242996,220380,377539,720085,128.002029,98974687044,81785294255
"trace_random_size64_time900000_p[0.2, 0.8].out",758354,47,23375,200145,210178,863643,180367,63.997509,353921,821499
"trace_random_size16_time9000000_p[0.5, 0.5].out",68362,0,0,16338,220119,786181,449979,16.772581,130167,414912
"trace_random_size64_time9000_p[0.2, 0.8].out",192822,39905,8829,504774,622578,213102,180257,63.976665,53804528108,26502886937
"trace_random_size64_time90000000_p[0.5, 0.5].out",438267,0,12924,170712,164864,738980,450614,63.96666,318559,818666
"trace_random_size16_time90000000_p[0.2, 0.8].out",78145,0,0,11659,171301,974212,179411,16.766605,130864,405470
"trace_random_size64_time900000_p[0.5, 0.5].out",437555,29,13283,171797,167030,736333,450034,63.980034,394425,827161
"trace_random_size64_time9000_p[0.5, 0.5].out",179145,20980,5642,313317,487077,287065,450330,64.012421,67109121245,32977343423
"trace_random_size16_time9000000_p[0.2, 0.8].out",77463,0,0,11504,171776,975711,179335,16.777813,130976,406487
"trace_random_size16_time90000_p[0.8, 0.2].out",33808,271,98,41876,482135,285593,719890,16.768167,2804942586,678803670
"trace_random_size16_time9000_p[0.2, 0.8].out",30375,6184,385,52931,746740,324635,180205,16.759304,22946196480,5527425426
"trace_random_size64_time900000_p[0.8, 0.2].out",181974,8,4801,84184,109549,589876,719920,64.014214,430492,820727
"trace_random_size16_time90000_p[0.2, 0.8].out",58625,2458,227,28674,417047,698458,179942,16.785334,470000,589281
"trace_random_size128_time900000_p[0.5, 0.5].out",684368,3757,65957,461450,127565,651656,449898,128.009674,676909,1427536
"trace_random_size8_time9000_p[0.5, 0.5].out",12741,988,42,25635,708524,261362,450114,11.176844,25300110128,5213090003
"trace_random_size128_time9000_p[0.8, 0.2].out",191090,11771,16024,243249,219742,377353,720309,128.023239,135662401732,111655103992
"trace_random_size8_time90000000_p[0.5, 0.5].out",29948,0,0,9703,215055,774698,449988,11.174069,105145,361536
"trace_random_size128_time9000_p[0.2, 0.8].out",319033,104292,46164,1009096,438417,195488,180770,128.020035,99244014674,81669471784
"trace_random_size32_time90000_p[0.2, 0.8].out",119298,13125,1856,174620,673986,365377,180399,32.019173,1097930,957992
"trace_random_size128_time9000_p[0.5, 0.5].out",320003,59885,31193,599391,337195,298674,449809,128.036285,118090329824,97041968902
"trace_random_size32_time900000_p[0.8, 0.2].out",105154,0,14,33609,189292,564320,720394,32.034515,260433,538352
"trace_random_size16_time9000_p[0.5, 0.5].out",28000,2515,224,52132,689368,269842,450960,16.778049,29927989183,7224678445
"trace_random_size16_time90000000_p[0.5, 0.5].out",67844,0,0,16159,219626,787914,450231,16.765198,130178,414562
"trace_random_size8_time9000000_p[0.2, 0.8].out",25305,0,0,4100,142877,931953,179933,11.163061,105521,348192
"trace_random_size64_time90000_p[0.5, 0.5].out",181442,20823,5794,312254,487873,288681,449703,64.020096,30869135597,15176722633
"trace_random_size32_time90000000_p[0.8, 0.2].out",104847,0,11,33581,190388,564263,720123,32.008244,192196,537707
"trace_random_size32_time90000_p[0.5, 0.5].out",77518,6803,1230,137011,625737,279815,450083,32.062748,6263340819,2027997339
"trace_random_size16_time90000_p[0.5, 0.5].out",36879,2149,155,45087,594544,372732,449961,16.751684,862915,696752
"trace_random_size8_time9000_p[0.8, 0.2].out",21027,59,10,30790,547866,277026,719683,11.156023,32835364112,6779894950
"trace_random_size32_time9000000_p[0.5, 0.5].out",189377,0,25,57657,224375,773767,450066,31.999882,193281,547242
"trace_random_size128_time9000000_p[0.5, 0.5].out",692249,3115,66848,456934,125545,657661,449483,127.974159,525255,1354931
"trace_random_size64_time90000000_p[0.8, 0.2].out",182517,0,4868,84293,108684,590665,719762,63.998981,316615,808118
"trace_random_size16_time900000_p[0.8, 0.2].out",60356,0,1,17612,210247,581395,719129,16.767908,179098,407288
"trace_random_size128_time90000_p[0.5, 0.5].out",320238,59908,31050,599801,337052,298149,449576,128.038483,81534889515,67057953120
"trace_random_size32_time9000_p[0.2, 0.8].out",91942,16338,1950,193065,732052,277923,180352,32.01823,33268869272,10741760681
"trace_random_size32_time90000000_p[0.2, 0.8].out",289472,0,34,63304,201195,973975,179552,32.011681,195544,543296
"trace_random_size16_time9000_p[0.8, 0.2].out",33745,192,77,42135,483107,285044,720330,16.781017,37769248331,9133536815
"trace_random_size128_time90000000_p[0.2, 0.8].out",1213641,5167,126236,621277,171820,700318,180098,127.959946,525750,1357279
"trace_random_size64_time9000000_p[0.8, 0.2].out",182267,0,4839,83903,108854,589527,719713,63.988636,316490,807450
"trace_random_size128_time90000000_p[0.8, 0.2].out",264626,1259,22810,206259,72539,573398,719266,128.005951,525511,1341529
"trace_random_size16_time900000_p[0.5, 0.5].out",68818,0,4,16455,220498,787292,449509,16.787184,163383,415387
"trace_random_size8_time900000_p[0.2, 0.8].out",25288,0,0,4143,143644,930614,181057,11.159022,117281,347934
"trace_random_size32_time900000_p[0.2, 0.8].out",289201,1,79,63257,204030,971870,179649,32.031555,214624,543544
"trace_random_size32_time9000000_p[0.8, 0.2].out",105128,0,11,33203,189775,564724,720394,32.055885,192149,537785
"trace_random_size8_time90000000_p[0.2, 0.8].out",25407,0,0,4060,141789,932843,180078,11.171837,105526,348447
"trace_random_size8_time90000_p[0.8, 0.2].out",22266,79,8,29813,536105,289127,719791,11.153502,316531457,65727134
"trace_random_size32_time9000_p[0.8, 0.2].out",61738,748,659,68443,420688,301885,719802,32.016922,50789080271,16528878413
"trace_random_size32_time900000_p[0.5, 0.5].out",189056,1,54,58422,225033,770645,450266,32.057449,239343,547972
