filename,Normal_page_read_count,Multi-plane_one_shot_read_count,One_shot_read_count,Multi-plane_read_count,Multi-plane_SOML_read_count,SOML_read_count,Write_request_count,Write_request_average_size,Read_request_average_response_time,Write_request_average_response_time
"trace_seq_size8_time9000000_p[0.8, 0.2].out",26784,6,271,21277,22280,199569,720243,11.18881,84126,131429
"trace_seq_size128_time9000_p[0.5, 0.5].out",400565,11557,24373,590482,340666,259326,450186,128.020264,115778299591,75300633666
"trace_seq_size32_time9000_p[0.5, 0.5].out",75942,1491,1885,143298,389378,173630,450036,32.029274,32086442914,7919705904
"trace_seq_size64_time900000_p[0.5, 0.5].out",516879,11,8042,59866,350242,605909,450143,63.991653,413172,715762
"trace_seq_size16_time9000_p[0.8, 0.2].out",29773,51,432,42022,127095,93607,719914,16.767092,13558644065,1683030688
"trace_seq_size32_time9000000_p[0.2, 0.8].out",275864,6,683,61285,209254,925882,179726,31.975073,202323,559549
"trace_seq_size8_time90000_p[0.5, 0.5].out",22266,254,395,46986,110682,326420,449570,11.195263,211965,214447
"trace_seq_size8_time9000_p[0.2, 0.8].out",11381,1875,289,34628,261349,99902,179878,11.185604,3249224739,1146312905
"trace_seq_size128_time900000_p[0.8, 0.2].out",350713,184,12658,137740,130896,282005,719521,128.013794,696380,1044853
"trace_seq_size128_time90000000_p[0.8, 0.2].out",353779,181,12327,135188,130668,283258,720456,127.995102,548086,1043950
"trace_seq_size8_time90000_p[0.2, 0.8].out",19816,215,405,30747,106176,512984,180431,11.166545,135736,323020
"trace_seq_size16_time9000000_p[0.8, 0.2].out",43869,9,445,28325,38359,234508,719676,16.785879,114535,194123
"trace_seq_size128_time90000000_p[0.5, 0.5].out",894317,692,30909,354272,289014,541567,449896,127.987587,554336,1130325
"trace_seq_size128_time90000000_p[0.2, 0.8].out",1440947,1356,49937,593317,340510,651922,179818,128.003525,560351,1218502
"trace_seq_size32_time90000_p[0.2, 0.8].out",124528,2809,1819,129435,335847,306143,180356,31.986088,579339,712034
"trace_seq_size64_time9000000_p[0.2, 0.8].out",873893,0,15967,99804,411698,803088,179984,64.037712,357864,811878
"trace_seq_size32_time9000_p[0.8, 0.2].out",67492,83,953,62055,149213,147461,719940,32.006836,31474824378,6191237329
"trace_seq_size32_time90000000_p[0.8, 0.2].out",105850,4,521,29776,76694,279305,719749,32.005428,190664,343728
"trace_seq_size128_time90000_p[0.5, 0.5].out",399594,11746,24654,590574,341558,259192,449907,127.986687,79312449367,51680283482
"trace_seq_size32_time90000_p[0.8, 0.2].out",76707,93,831,53822,131105,170717,720195,32.039368,889087,437296
"trace_seq_size16_time90000_p[0.8, 0.2].out",40698,24,514,30183,63161,178191,720167,16.797831,436511,196509
"trace_seq_size32_time9000_p[0.2, 0.8].out",81161,4151,2148,162291,418183,186979,180480,31.983648,23031565722,6827270497
"trace_seq_size8_time9000000_p[0.5, 0.5].out",26518,121,394,45136,79524,495749,449749,11.149608,91170,208963
"trace_seq_size64_time900000_p[0.8, 0.2].out",200045,0,2535,20842,149924,317512,720046,63.989941,412992,603566
"trace_seq_size128_time900000_p[0.5, 0.5].out",866908,1009,31020,365732,286453,529071,449564,128.00209,673917,1135241
"trace_seq_size8_time900000_p[0.5, 0.5].out",25999,142,397,45197,79459,492250,450823,11.155959,109020,208338
"trace_seq_size8_time900000_p[0.8, 0.2].out",26368,7,266,21447,22138,198540,721109,11.161793,99188,130950
"trace_seq_size16_time90000000_p[0.2, 0.8].out",69089,20,584,40178,124945,873501,180143,16.835958,127229,392898
"trace_seq_size8_time90000000_p[0.8, 0.2].out",26519,9,322,21569,22450,200657,719512,11.168679,84263,131454
"trace_seq_size16_time9000_p[0.2, 0.8].out",23152,2604,604,58690,336327,136830,180318,16.769644,7630329511,2379652520
"trace_seq_size128_time9000_p[0.8, 0.2].out",254775,1970,11995,188647,155151,211456,719969,128.001404,120722296062,76484251780
"trace_seq_size16_time9000_p[0.5, 0.5].out",29265,1308,770,78449,320352,104771,450719,16.798536,13147707969,2597284175
"trace_seq_size64_time90000000_p[0.5, 0.5].out",524900,0,8300,56818,351562,611766,450367,64.023773,348219,715500
"trace_seq_size128_time900000_p[0.2, 0.8].out",1407011,2046,48772,606754,339282,637272,179873,128.001373,617979,1225145
"trace_seq_size8_time9000_p[0.5, 0.5].out",16542,1287,379,50818,260266,72300,449295,11.180799,6377076689,1170519230
"trace_seq_size64_time90000000_p[0.8, 0.2].out",201584,0,2546,20565,149650,318213,720069,64.013161,338740,603666
"trace_seq_size32_time90000_p[0.5, 0.5].out",83023,1487,1857,143375,367173,188012,449569,32.035042,2502254,1271295
"trace_seq_size64_time90000000_p[0.2, 0.8].out",874070,0,15790,99533,412770,802193,180286,63.966087,357966,811270
"trace_seq_size32_time9000000_p[0.8, 0.2].out",109026,0,546,31354,74402,275807,719753,32.022396,190860,343747
"trace_seq_size32_time90000000_p[0.2, 0.8].out",275594,3,770,61442,207370,924576,180292,32.07019,201983,558440
"trace_seq_size8_time900000_p[0.2, 0.8].out",26337,35,439,29295,92043,807866,180169,11.166282,109608,310491
"trace_seq_size16_time90000000_p[0.8, 0.2].out",44029,4,457,28177,37950,233405,720215,16.771118,114252,193764
"trace_seq_size16_time900000_p[0.2, 0.8].out",68585,21,639,39994,124718,871052,179279,16.807732,143276,392081
"trace_seq_size8_time90000_p[0.8, 0.2].out",25697,13,288,21883,35546,162987,720238,11.17135,265533,132000
"trace_seq_size8_time90000000_p[0.2, 0.8].out",26495,34,429,29084,91451,811692,180024,11.171506,98282,310518
"trace_seq_size128_time90000_p[0.8, 0.2].out",255943,1913,11810,189119,154581,212677,719737,128.019592,84803106804,53449973278
"trace_seq_size32_time900000_p[0.2, 0.8].out",274269,2,818,62014,207205,918994,180205,32.019688,227376,560086
"trace_seq_size16_time9000000_p[0.5, 0.5].out",57634,68,774,60504,105244,553770,450299,16.784006,120843,289233
"trace_seq_size32_time900000_p[0.8, 0.2].out",104493,4,511,28887,78230,278538,720319,32.032658,232707,343515
"trace_seq_size64_time9000000_p[0.8, 0.2].out",202221,0,2616,20213,150438,319302,719682,63.984432,338676,603817
"trace_seq_size32_time9000000_p[0.5, 0.5].out",192986,17,1235,67322,186179,616526,450157,31.999844,196591,457312
"trace_seq_size128_time9000_p[0.2, 0.8].out",358547,30927,27823,1041340,368360,152340,180908,127.977493,94786316377,63955349643
"trace_seq_size64_time90000_p[0.5, 0.5].out",192397,2635,5271,252585,441043,242818,450567,64.009254,25503276716,10100974620
"trace_seq_size64_time9000_p[0.2, 0.8].out",201637,9475,7147,432727,467798,165611,180116,63.964821,48398091807,20735662496
"trace_seq_size16_time9000000_p[0.2, 0.8].out",68342,18,594,40152,125388,873382,180166,16.743074,127169,391079
"trace_seq_size128_time9000000_p[0.5, 0.5].out",894270,689,30978,355216,288910,540726,449679,127.998535,554453,1131780
"trace_seq_size8_time90000000_p[0.5, 0.5].out",26337,138,425,45026,79442,496650,449248,11.161341,91239,209270
"trace_seq_size16_time900000_p[0.8, 0.2].out",43752,5,433,28471,37940,233470,719783,16.773849,136805,193954
"trace_seq_size32_time90000000_p[0.5, 0.5].out",192455,20,1202,66429,189586,617604,449838,32.041325,196831,458081
"trace_seq_size64_time9000_p[0.8, 0.2].out",129040,191,2193,70286,193110,216217,719266,63.977131,62099128110,22118748845
"trace_seq_size64_time90000_p[0.2, 0.8].out",207819,9090,7144,429512,468665,168094,180337,64.03196,12428002312,5353282507
"trace_seq_size64_time9000000_p[0.5, 0.5].out",525269,0,8300,56696,351944,613415,449697,64.007889,348308,714811
"trace_seq_size16_time90000_p[0.5, 0.5].out",42616,431,870,67028,172791,308498,450037,16.798195,350130,304273
"trace_seq_size16_time90000_p[0.2, 0.8].out",44171,592,643,45522,155185,470635,180357,16.78104,205633,425009
"trace_seq_size128_time90000_p[0.2, 0.8].out",358207,31086,26880,1044485,369820,151212,179721,128.020782,58110591502,39413719334
"trace_seq_size128_time9000000_p[0.2, 0.8].out",1442851,1411,49946,593603,340206,652337,179340,128.004898,560349,1218546
"trace_seq_size8_time9000000_p[0.2, 0.8].out",26583,30,430,29040,91255,810544,179939,11.169279,98221,309335
"trace_seq_size32_time900000_p[0.5, 0.5].out",191972,12,1317,67893,186114,611223,450345,32.056465,241176,458021
"trace_seq_size64_time90000_p[0.8, 0.2].out",128399,175,2361,69482,192108,217114,720168,64.060562,26056872738,9282797078
"trace_seq_size64_time9000_p[0.5, 0.5].out",189437,2603,5443,255233,443245,241291,449503,64.057861,61666538878,24390068213
"trace_seq_size16_time90000000_p[0.5, 0.5].out",57578,65,833,60492,104517,554364,449732,16.800346,120803,289243
"trace_seq_size128_time9000000_p[0.8, 0.2].out",356202,177,12517,135422,131898,284718,719530,128.043121,547903,1044471
"trace_seq_size64_time900000_p[0.2, 0.8].out",862888,10,15963,103672,410801,792612,180132,63.986115,392141,813825
"trace_seq_size16_time900000_p[0.5, 0.5].out",56690,58,841,60710,104774,549336,450375,16.771269,146538,288660
"trace_seq_size8_time9000_p[0.8, 0.2].out",18923,52,212,29929,107785,64836,719325,11.160999,6919255017,670856021
