filename,Normal_page_read_count,Multi-plane_one_shot_read_count,One_shot_read_count,Multi-plane_read_count,Multi-plane_SOML_read_count,SOML_read_count,Write_request_count,Write_request_average_size,Read_request_average_response_time,Write_request_average_response_time
"trace_seq_size8_time9000000_p[0.8, 0.2].out",38141,23,2351,9578,15538,212003,720243,11.18881,84167,130257
"trace_seq_size128_time9000_p[0.5, 0.5].out",167770,167005,23947,319341,229201,204615,450186,128.020264,107895287983,80785868006
"trace_seq_size32_time9000_p[0.5, 0.5].out",55588,38895,3879,115649,295798,109710,450036,32.028961,30964901110,7800631195
"trace_seq_size64_time900000_p[0.5, 0.5].out",484521,70,24393,59336,259809,680503,450143,63.991718,408162,736412
"trace_seq_size16_time9000_p[0.8, 0.2].out",23734,5725,2038,35553,121614,79296,719914,16.767767,13700244224,1704466773
"trace_seq_size32_time9000000_p[0.2, 0.8].out",302385,15,1590,45080,180580,957653,179726,31.975073,202339,533110
"trace_seq_size8_time90000_p[0.5, 0.5].out",39616,2262,3091,28859,88936,348185,449570,11.195098,202021,240009
"trace_seq_size8_time9000_p[0.2, 0.8].out",16004,18139,811,29437,184046,79027,179878,11.185925,3586486441,1305587682
"trace_seq_size128_time900000_p[0.8, 0.2].out",288875,1788,38184,134534,105636,289096,719521,128.012115,716045,1178562
"trace_seq_size128_time90000000_p[0.8, 0.2].out",293601,1625,37639,131949,105700,290282,720456,127.995102,542415,1144516
"trace_seq_size8_time90000_p[0.2, 0.8].out",30710,2002,1264,20843,82289,530058,180431,11.166549,126314,297635
"trace_seq_size16_time9000000_p[0.8, 0.2].out",57764,27,3618,12368,29382,251868,719676,16.785879,114518,192745
"trace_seq_size128_time90000000_p[0.5, 0.5].out",743831,5859,93527,344013,200348,582379,449896,127.987587,548697,1268395
"trace_seq_size128_time90000000_p[0.2, 0.8].out",1200602,12599,150228,570544,251642,658350,179818,128.003525,554688,1384776
"trace_seq_size32_time90000_p[0.2, 0.8].out",130673,35643,4921,85493,218712,297751,180356,31.98621,654176,781428
"trace_seq_size64_time9000000_p[0.2, 0.8].out",809079,0,47963,99879,338260,845198,179984,64.037712,357122,840031
"trace_seq_size32_time9000_p[0.8, 0.2].out",50695,7876,4084,57064,151561,115927,719940,32.006718,31528322799,6252020230
"trace_seq_size32_time90000000_p[0.8, 0.2].out",120024,16,3210,18173,57422,299466,719749,32.005428,190745,343344
"trace_seq_size128_time90000_p[0.5, 0.5].out",168136,166535,24660,319705,230346,204818,449907,127.986557,71368753638,53514862283
"trace_seq_size32_time90000_p[0.8, 0.2].out",58296,8714,4188,50691,129275,135412,720195,32.039989,954281,492170
"trace_seq_size16_time90000_p[0.8, 0.2].out",48591,1068,3523,19011,57953,183025,720167,16.797915,430300,251598
"trace_seq_size32_time9000_p[0.2, 0.8].out",75396,57381,4496,102456,249741,152886,180480,31.983294,24526737345,7594796452
"trace_seq_size8_time9000000_p[0.5, 0.5].out",46018,594,3424,24623,56720,528136,449749,11.149608,91196,199958
"trace_seq_size64_time900000_p[0.8, 0.2].out",190176,8,7525,20787,120239,342149,720046,63.989944,411689,616905
"trace_seq_size128_time900000_p[0.5, 0.5].out",715378,8258,94991,348144,197282,569582,449564,127.998329,676886,1327526
"trace_seq_size8_time900000_p[0.5, 0.5].out",45564,559,3502,24830,57460,523773,450823,11.156033,105470,199575
"trace_seq_size8_time900000_p[0.8, 0.2].out",38083,24,2303,9649,15716,210651,721109,11.162263,97574,129878
"trace_seq_size16_time90000000_p[0.2, 0.8].out",85656,64,1625,24855,110932,898185,180143,16.835958,127227,360989
"trace_seq_size8_time90000000_p[0.8, 0.2].out",37843,29,2411,9882,15738,213027,719512,11.168679,84315,130316
"trace_seq_size16_time9000_p[0.2, 0.8].out",29236,28120,1406,45108,231332,102120,180318,16.769468,8381343608,2707402068
"trace_seq_size128_time9000_p[0.8, 0.2].out",163856,36547,23215,138954,126805,188672,719969,128.012115,116900418965,82056628023
"trace_seq_size16_time9000_p[0.5, 0.5].out",26341,21991,2053,66245,241286,81656,450719,16.79842,12890497246,2577012534
"trace_seq_size64_time90000000_p[0.5, 0.5].out",491872,0,24663,56824,260200,687050,450367,64.023773,347641,734504
"trace_seq_size128_time900000_p[0.2, 0.8].out",1166603,16912,150398,571593,248592,644548,179873,128.001373,610580,1427225
"trace_seq_size8_time9000_p[0.5, 0.5].out",17158,16285,1194,42839,187035,67896,449295,11.180945,6381271938,1179087413
"trace_seq_size64_time90000000_p[0.8, 0.2].out",191135,0,7626,20623,120392,342562,720069,64.013161,337960,615978
"trace_seq_size32_time90000_p[0.5, 0.5].out",69171,33864,4486,114906,275041,146848,449569,32.035233,1304143,881554
"trace_seq_size64_time90000000_p[0.2, 0.8].out",809262,0,47562,99895,338704,845020,180286,63.966087,357175,839929
"trace_seq_size32_time9000000_p[0.8, 0.2].out",124472,12,3179,19165,56098,295068,719753,32.022396,191009,343303
"trace_seq_size32_time90000000_p[0.2, 0.8].out",302443,18,1613,45402,179472,955067,180292,32.07019,201942,533181
"trace_seq_size8_time900000_p[0.2, 0.8].out",38121,162,1209,19011,76176,829342,180169,11.166296,106195,283063
"trace_seq_size16_time90000000_p[0.8, 0.2].out",57562,32,3556,12718,29142,250126,720215,16.771118,114234,192463
"trace_seq_size16_time900000_p[0.2, 0.8].out",85156,78,1573,24749,110620,895720,179279,16.807642,138647,360415
"trace_seq_size8_time90000_p[0.8, 0.2].out",35240,179,2236,12188,30057,172200,720238,11.171176,256070,144872
"trace_seq_size8_time90000000_p[0.2, 0.8].out",37997,111,1247,19036,76402,832392,180024,11.171506,98277,282655
"trace_seq_size128_time90000_p[0.8, 0.2].out",165007,36573,23054,139236,126720,189131,719737,128.018936,81004747031,56601368758
"trace_seq_size32_time900000_p[0.2, 0.8].out",301187,11,1920,45399,179772,949557,180205,32.019688,221237,533642
"trace_seq_size16_time9000000_p[0.5, 0.5].out",81765,315,4871,33807,85428,589070,450299,16.784006,120873,277639
"trace_seq_size32_time900000_p[0.8, 0.2].out",118065,20,3034,17867,57996,299589,720319,32.032887,231642,343112
"trace_seq_size64_time9000000_p[0.8, 0.2].out",191400,0,7766,20499,121450,343089,719682,63.984432,338131,616259
"trace_seq_size32_time9000000_p[0.5, 0.5].out",224310,58,4700,45064,144242,661006,450157,31.999844,196562,446834
"trace_seq_size128_time9000_p[0.2, 0.8].out",163728,244834,45702,551333,224769,117458,180908,127.97789,91158822444,72626345997
"trace_seq_size64_time90000_p[0.5, 0.5].out",82738,70353,5034,176604,360203,174763,450567,64.009567,22013757668,9184839251
"trace_seq_size64_time9000_p[0.2, 0.8].out",112077,104162,12290,266669,328067,134338,180116,63.964882,46808518704,21801868139
"trace_seq_size16_time9000000_p[0.2, 0.8].out",85199,64,1564,24768,110374,899099,180166,16.743074,127157,359382
"trace_seq_size128_time9000000_p[0.5, 0.5].out",744328,5946,93891,343717,200902,581390,449679,127.998535,548642,1268490
"trace_seq_size8_time90000000_p[0.5, 0.5].out",45721,581,3416,24882,57682,527671,449248,11.161341,91243,200211
"trace_seq_size16_time900000_p[0.8, 0.2].out",57596,41,3612,12533,29154,250543,719783,16.773561,135109,192583
"trace_seq_size32_time90000000_p[0.5, 0.5].out",223572,50,4612,44483,145640,663907,449838,32.041325,196738,447918
"trace_seq_size64_time9000_p[0.8, 0.2].out",84555,11560,4328,72749,196488,178454,719266,63.977188,61085736447,22399832885
"trace_seq_size64_time90000_p[0.2, 0.8].out",118242,102989,12868,264481,328562,138274,180337,64.031937,10851594995,5070969385
"trace_seq_size64_time9000000_p[0.5, 0.5].out",492604,0,24584,56573,261662,687751,449697,64.007889,347674,734706
"trace_seq_size16_time90000_p[0.5, 0.5].out",58861,7369,4369,45747,141915,311437,450037,16.797331,367959,373215
"trace_seq_size16_time90000_p[0.2, 0.8].out",58753,7051,1785,29691,117345,474850,180357,16.781397,214916,478542
"trace_seq_size128_time90000_p[0.2, 0.8].out",162256,245418,45536,552635,225320,116687,179721,128.021194,54476826087,43676601137
"trace_seq_size128_time9000000_p[0.2, 0.8].out",1202104,12686,149974,571536,250724,658965,179340,128.004898,554801,1385632
"trace_seq_size8_time9000000_p[0.2, 0.8].out",38364,145,1190,18800,76058,831449,179939,11.169279,98227,281821
"trace_seq_size32_time900000_p[0.5, 0.5].out",223615,46,5035,45196,143876,655863,450345,32.057697,235019,448059
"trace_seq_size64_time90000_p[0.8, 0.2].out",85241,11462,4296,71524,195872,179482,720168,64.059868,25072374764,9188750740
"trace_seq_size64_time9000_p[0.5, 0.5].out",80096,71595,4987,176488,361318,172722,449503,64.058022,58201577699,24232815779
"trace_seq_size16_time90000000_p[0.5, 0.5].out",81810,270,4778,34145,85466,588805,449732,16.800346,120842,277555
"trace_seq_size128_time9000000_p[0.8, 0.2].out",295348,1620,37595,133112,105872,292324,719530,128.043121,542813,1145233
"trace_seq_size64_time900000_p[0.2, 0.8].out",798939,129,47327,103702,337033,835427,180132,63.986031,387559,842918
"trace_seq_size16_time900000_p[0.5, 0.5].out",80981,306,4674,34129,84902,585103,450375,16.770908,142355,277261
"trace_seq_size8_time9000_p[0.8, 0.2].out",16209,3567,1171,26796,97745,60208,719325,11.160994,7002736570,678811248
