filename,Normal_page_read_count,Multi-plane_one_shot_read_count,One_shot_read_count,Multi-plane_read_count,Multi-plane_SOML_read_count,SOML_read_count,Write_request_count,Write_request_average_size,Read_request_average_response_time,Write_request_average_response_time
"trace_random_size128_time9000000_p[0.8, 0.2].out",349725,133,8545,179994,171209,488758,719737,128.008774,557571,1156207
"trace_random_size64_time9000_p[0.8, 0.2].out",161478,78,2409,103724,342664,344409,720106,63.997505,85049096030,38105244903
"trace_random_size8_time9000_p[0.2, 0.8].out",11231,91,58,17624,680851,379332,179519,11.167772,16919746533,3330585152
"trace_random_size16_time900000_p[0.2, 0.8].out",74012,0,1,15889,252228,889865,180108,16.774429,155822,424705
"trace_random_size32_time9000000_p[0.2, 0.8].out",295397,0,18,57133,279234,901621,180970,32.027451,214202,544774
"trace_random_size8_time900000_p[0.5, 0.5].out",23103,0,0,16200,370721,613779,450001,11.166189,147746,387127
"trace_random_size32_time9000_p[0.5, 0.5].out",109222,119,1415,118830,578825,371128,449913,32.031521,45154487660,13818289716
"trace_random_size128_time9000000_p[0.2, 0.8].out",1432277,654,36558,633921,277349,649683,179717,128.004257,560412,1174087
"trace_random_size8_time90000_p[0.5, 0.5].out",16722,4,13,22041,581723,396628,450113,11.168011,632931,520447
"trace_random_size64_time9000000_p[0.2, 0.8].out",860874,0,7923,138547,363973,778040,180070,64.042892,355147,774391
"trace_random_size64_time9000000_p[0.5, 0.5].out",521279,0,4637,116413,337546,618305,450214,63.985874,351985,771745
"trace_random_size8_time9000000_p[0.8, 0.2].out",25594,0,0,26191,430057,399664,719835,11.167713,109988,377706
"trace_random_size128_time90000_p[0.2, 0.8].out",573979,12820,49008,1087005,480550,285281,180091,128.024002,69923722963,48571504739
"trace_random_size64_time90000_p[0.8, 0.2].out",162742,27,2295,103112,340678,346221,720381,64.035744,48802175136,21949296609
"trace_random_size16_time9000000_p[0.8, 0.2].out",44696,0,0,32248,368094,408989,719346,16.759941,138178,418305
"trace_random_size16_time90000000_p[0.8, 0.2].out",44787,0,0,32213,368441,409211,720102,16.768063,138777,418550
"trace_random_size64_time90000000_p[0.2, 0.8].out",861600,0,8041,138332,363943,779783,179127,64.029213,355270,775188
"trace_random_size32_time90000_p[0.8, 0.2].out",71384,4,221,61717,413745,318713,719398,31.988329,18338261681,5614481534
"trace_random_size128_time900000_p[0.8, 0.2].out",345434,139,9203,181444,171613,488273,719998,128.051682,766000,1211677
"trace_random_size8_time900000_p[0.8, 0.2].out",25537,0,0,26451,428785,400503,719842,11.172153,164244,377983
"trace_random_size8_time9000000_p[0.5, 0.5].out",22879,0,0,16017,368747,615807,449311,11.164676,110374,386276
"trace_random_size128_time900000_p[0.2, 0.8].out",1428088,697,34460,640663,277275,646967,179527,127.967606,615690,1187835
"trace_random_size32_time90000000_p[0.5, 0.5].out",188729,0,10,57896,337621,659091,450495,32.001141,211877,545262
"trace_random_size8_time90000000_p[0.8, 0.2].out",25243,0,0,26418,429824,399735,720237,11.162965,110121,377406
"trace_random_size64_time90000_p[0.2, 0.8].out",349920,2395,17122,463914,613371,346425,180391,64.065346,21844194210,9839398058
"trace_random_size128_time90000000_p[0.5, 0.5].out",868078,377,24388,422951,230065,589951,449211,128.014008,558511,1169771
"trace_random_size8_time90000_p[0.2, 0.8].out",19062,4,8,10088,386815,682198,179438,11.197734,327298,420944
"trace_random_size128_time90000_p[0.8, 0.2].out",273574,519,11384,228631,243369,383937,720085,128.002472,110279118962,76781947866
"trace_random_size64_time900000_p[0.2, 0.8].out",856597,3,7978,140300,366250,775497,180367,63.998028,383619,774890
"trace_random_size16_time9000000_p[0.5, 0.5].out",57726,0,0,26282,354996,642151,449979,16.772581,138777,431416
"trace_random_size64_time9000_p[0.2, 0.8].out",348278,2366,16819,464855,616698,344650,180257,63.976532,58188773709,26151778183
"trace_random_size64_time90000000_p[0.5, 0.5].out",521449,0,4279,116001,335870,620177,450614,63.96666,351869,771797
"trace_random_size16_time90000000_p[0.2, 0.8].out",74124,0,0,15469,250926,891046,179411,16.766605,139887,424592
"trace_random_size64_time900000_p[0.5, 0.5].out",520017,0,4578,118122,337965,616611,450034,63.980068,420722,773225
"trace_random_size64_time9000_p[0.5, 0.5].out",299493,481,8562,267078,486073,374474,450330,64.012512,73352377590,32926649585
"trace_random_size16_time9000000_p[0.2, 0.8].out",73318,0,0,15436,251237,892616,179335,16.777813,139966,425997
"trace_random_size16_time90000_p[0.8, 0.2].out",33824,0,30,41622,481947,288207,719890,16.76828,4695641674,1082480589
"trace_random_size16_time9000_p[0.2, 0.8].out",35564,249,396,50398,711021,395885,180205,16.759502,21741076524,4985409269
"trace_random_size64_time900000_p[0.8, 0.2].out",216440,0,1931,61521,267515,451453,719920,64.013199,451604,759819
"trace_random_size16_time90000_p[0.2, 0.8].out",57482,29,99,30912,462397,664793,179942,16.785379,433426,508480
"trace_random_size128_time900000_p[0.5, 0.5].out",854740,468,23178,430751,231855,586479,449898,128.013382,694084,1205262
"trace_random_size8_time9000_p[0.5, 0.5].out",13831,33,28,24520,667221,309736,450114,11.177209,26827318246,5316272008
"trace_random_size128_time9000_p[0.8, 0.2].out",275797,572,10528,227934,242675,384037,720309,128.023239,147008361478,102009943262
"trace_random_size8_time90000000_p[0.5, 0.5].out",23100,0,0,16084,369568,614456,449988,11.174069,110343,386354
"trace_random_size128_time9000_p[0.2, 0.8].out",571487,13091,49400,1085262,481346,285330,180770,128.021164,106358543954,73652147850
"trace_random_size32_time90000_p[0.2, 0.8].out",149835,340,2690,164929,658973,443482,180399,32.019722,1106496,1284673
"trace_random_size128_time9000_p[0.5, 0.5].out",522805,3725,30545,621349,362585,365494,449809,128.034836,129066201217,89450714992
"trace_random_size32_time900000_p[0.8, 0.2].out",95394,0,3,42415,314224,431616,720394,32.033688,277970,532163
"trace_random_size16_time9000_p[0.5, 0.5].out",33963,49,173,47627,640936,336378,450960,16.778185,31989421451,7363376637
"trace_random_size16_time90000000_p[0.5, 0.5].out",57203,0,0,25985,356182,642446,450231,16.765198,138812,430659
"trace_random_size8_time9000000_p[0.2, 0.8].out",22855,0,0,6452,229013,843686,179933,11.163061,111057,373740
"trace_random_size64_time90000_p[0.5, 0.5].out",300072,412,8402,267930,486552,374690,449703,64.02037,36932410100,16578193749
"trace_random_size32_time90000000_p[0.8, 0.2].out",95615,0,2,41954,315427,431794,720123,32.008244,210591,531994
"trace_random_size32_time90000_p[0.5, 0.5].out",110987,50,1325,118109,575885,374285,450083,32.062248,9622931495,2938705947
"trace_random_size16_time90000_p[0.5, 0.5].out",36633,14,130,45935,612949,365857,449961,16.751989,924360,855624
"trace_random_size8_time9000_p[0.8, 0.2].out",19826,1,3,31602,552774,272276,719683,11.156093,34595819753,6865136303
"trace_random_size32_time9000000_p[0.5, 0.5].out",188642,0,4,57805,337382,661318,450066,31.999882,212013,545457
"trace_random_size128_time9000000_p[0.5, 0.5].out",877475,373,20550,422319,230782,591793,449483,127.974159,558719,1170402
"trace_random_size64_time90000000_p[0.8, 0.2].out",217636,0,1902,61298,267036,452095,719762,63.998981,349710,758579
"trace_random_size16_time900000_p[0.8, 0.2].out",44238,0,0,32340,368521,409908,719129,16.768852,192680,418411
"trace_random_size128_time90000_p[0.5, 0.5].out",529776,3548,27743,623175,360522,366496,449576,128.038589,92525551996,64097690245
"trace_random_size32_time9000_p[0.2, 0.8].out",133002,648,3213,178232,691746,397232,180352,32.017902,33810393294,10307739667
"trace_random_size32_time90000000_p[0.2, 0.8].out",295468,0,14,57155,278402,903181,179552,32.011681,214146,545175
"trace_random_size16_time9000_p[0.8, 0.2].out",33399,9,34,42208,483818,285859,720330,16.780912,39822997810,9171930538
"trace_random_size128_time90000000_p[0.2, 0.8].out",1432142,674,36906,632303,277472,649075,180098,127.959946,560332,1173030
"trace_random_size64_time9000000_p[0.8, 0.2].out",217366,0,1930,60999,266509,451321,719713,63.988636,349575,757917
"trace_random_size128_time90000000_p[0.8, 0.2].out",351489,130,8345,179789,170937,491261,719266,128.005951,557054,1156646
"trace_random_size16_time900000_p[0.5, 0.5].out",58105,0,0,26305,357455,641436,449509,16.787197,176361,431706
"trace_random_size8_time900000_p[0.2, 0.8].out",22821,0,0,6499,232528,839619,181057,11.15911,126077,373595
"trace_random_size32_time900000_p[0.2, 0.8].out",294762,0,28,57548,281163,900793,179649,32.031483,233138,546113
"trace_random_size32_time9000000_p[0.8, 0.2].out",95332,0,2,42015,315064,431688,720394,32.055885,210588,531795
"trace_random_size8_time90000000_p[0.2, 0.8].out",22865,0,0,6495,229974,842451,180078,11.171837,111056,374014
"trace_random_size8_time90000_p[0.8, 0.2].out",20225,0,3,31395,549925,274914,719791,11.153481,1201167614,238398549
"trace_random_size32_time9000_p[0.8, 0.2].out",70511,19,306,62179,414348,317479,719802,32.016003,53824057168,16516694827
"trace_random_size32_time900000_p[0.5, 0.5].out",188601,0,26,58357,338055,658350,450266,32.057087,258135,546435
