filename,Normal_page_read_count,Multi-plane_one_shot_read_count,One_shot_read_count,Multi-plane_read_count,Multi-plane_SOML_read_count,SOML_read_count,Write_request_count,Write_request_average_size,Read_request_average_response_time,Write_request_average_response_time
"trace_seq_size8_time9000000_p[0.8, 0.2].out",23095,0,136,22895,59566,163177,720243,11.18881,79640,131064
"trace_seq_size128_time9000_p[0.5, 0.5].out",115304,1155,596,851243,234922,258063,450186,128.018936,114036479371,74167822004
"trace_seq_size32_time9000_p[0.5, 0.5].out",53760,126,759,161686,441217,119069,450036,32.02882,31792908286,7846279037
"trace_seq_size64_time900000_p[0.5, 0.5].out",79716,0,0,431885,172030,501183,450143,63.991653,362628,720350
"trace_seq_size16_time9000_p[0.8, 0.2].out",23344,6,205,43760,154242,70284,719914,16.767538,13403549303,1664796205
"trace_seq_size32_time9000000_p[0.2, 0.8].out",106363,0,225,226498,641852,333769,179726,31.975073,173121,556365
"trace_seq_size8_time90000_p[0.5, 0.5].out",19226,0,327,47639,190350,256222,449570,11.195236,208553,213682
"trace_seq_size8_time9000_p[0.2, 0.8].out",8208,86,152,36022,312126,61985,179878,11.185816,3216405676,1130465750
"trace_seq_size128_time900000_p[0.8, 0.2].out",59371,0,0,345938,42434,283999,719521,128.013794,634952,1046648
"trace_seq_size128_time90000000_p[0.8, 0.2].out",60018,0,0,344494,41964,285178,720456,127.995102,483126,1045690
"trace_seq_size8_time90000_p[0.2, 0.8].out",16649,3,217,33117,224498,410998,180431,11.166565,133491,320571
"trace_seq_size16_time9000000_p[0.8, 0.2].out",35248,0,227,32453,115083,158857,719676,16.785879,104653,193418
"trace_seq_size128_time90000000_p[0.5, 0.5].out",155429,0,0,876835,109932,511290,449896,127.987587,490223,1133740
"trace_seq_size128_time90000000_p[0.2, 0.8].out",258224,0,0,1423991,107726,564028,179818,128.003525,497169,1222617
"trace_seq_size32_time90000_p[0.2, 0.8].out",65733,11,287,181322,425624,194331,180356,31.986246,545399,698122
"trace_seq_size64_time9000000_p[0.2, 0.8].out",144229,0,0,706521,185170,593747,179984,64.037712,303855,817057
"trace_seq_size32_time9000_p[0.8, 0.2].out",44823,15,265,78629,203468,85248,719940,32.006836,31040357208,6106098366
"trace_seq_size32_time90000000_p[0.8, 0.2].out",62812,0,340,66469,203340,122878,719749,32.005428,164145,342169
"trace_seq_size128_time90000_p[0.5, 0.5].out",115466,1116,608,851742,234769,258893,449907,127.986732,77592889365,50559936771
"trace_seq_size32_time90000_p[0.8, 0.2].out",52053,1,315,72100,196913,95234,720195,32.039841,856253,416825
"trace_seq_size16_time90000_p[0.8, 0.2].out",32707,0,199,33865,119160,124969,720167,16.798246,427451,195571
"trace_seq_size32_time9000_p[0.2, 0.8].out",42367,204,343,195968,498305,109450,180480,31.983248,22676993660,6719466025
"trace_seq_size8_time9000000_p[0.5, 0.5].out",23139,0,348,45665,186614,391844,449749,11.149608,85740,208639
"trace_seq_size64_time900000_p[0.8, 0.2].out",28572,0,0,169176,69396,280299,720046,63.989941,363110,605225
"trace_seq_size128_time900000_p[0.5, 0.5].out",150304,0,0,876085,110219,498947,449564,128.00209,612428,1138877
"trace_seq_size8_time900000_p[0.5, 0.5].out",23110,0,319,45619,186817,388024,450823,11.155959,103493,208050
"trace_seq_size8_time900000_p[0.8, 0.2].out",22723,0,137,23075,59411,162091,721109,11.161793,94547,130587
"trace_seq_size16_time90000000_p[0.2, 0.8].out",49008,0,258,57061,458952,526907,180143,16.835958,115081,390483
"trace_seq_size8_time90000000_p[0.8, 0.2].out",22658,0,155,23283,60522,163573,719512,11.168679,79709,131068
"trace_seq_size16_time9000_p[0.2, 0.8].out",14456,100,163,64625,407413,81131,180318,16.769377,7535928649,2343516137
"trace_seq_size128_time9000_p[0.8, 0.2].out",57275,90,60,340723,87592,218852,719969,128.012589,119049999150,75424782942
"trace_seq_size16_time9000_p[0.5, 0.5].out",23655,188,527,79015,355058,82118,450719,16.798695,13050729100,2577697966
"trace_seq_size64_time90000000_p[0.5, 0.5].out",81059,0,0,432634,173366,507071,450367,64.023773,295293,720006
"trace_seq_size128_time900000_p[0.2, 0.8].out",251947,0,0,1422165,107862,550631,179873,128.001373,556094,1229356
"trace_seq_size8_time9000_p[0.5, 0.5].out",13090,166,218,51268,285112,57472,449295,11.180856,6334924910,1162032203
"trace_seq_size64_time90000000_p[0.8, 0.2].out",28524,0,0,169690,68762,281549,720069,64.013161,286853,605358
"trace_seq_size32_time90000_p[0.5, 0.5].out",58956,113,877,163515,420600,129486,449569,32.034294,1850778,1080289
"trace_seq_size64_time90000000_p[0.2, 0.8].out",143511,0,0,707153,184232,593420,180286,63.966087,303952,816461
"trace_seq_size32_time9000000_p[0.8, 0.2].out",64914,0,357,68576,200906,119538,719753,32.022396,164244,342171
"trace_seq_size32_time90000000_p[0.2, 0.8].out",107383,0,232,225722,640128,333101,180292,32.07019,172804,555422
"trace_seq_size8_time900000_p[0.2, 0.8].out",21552,2,210,32353,288969,610489,180169,11.166282,103119,309032
"trace_seq_size16_time90000000_p[0.8, 0.2].out",35124,0,200,32420,114018,158551,720215,16.771118,104455,193038
"trace_seq_size16_time900000_p[0.2, 0.8].out",48194,0,265,57097,459829,523401,179279,16.807732,130965,389554
"trace_seq_size8_time90000_p[0.8, 0.2].out",21906,0,166,23550,69568,130866,720238,11.171199,261762,131558
"trace_seq_size8_time90000000_p[0.2, 0.8].out",21520,0,236,32285,288484,614015,180024,11.171506,91877,309030
"trace_seq_size128_time90000_p[0.8, 0.2].out",57291,41,60,341659,87914,218715,719737,128.022049,83155265013,52411436424
"trace_seq_size32_time900000_p[0.2, 0.8].out",105986,0,220,225764,636780,332085,180205,32.019688,198175,556530
"trace_seq_size16_time9000000_p[0.5, 0.5].out",46985,1,687,66239,302529,356327,450299,16.784006,109841,288717
"trace_seq_size32_time900000_p[0.8, 0.2].out",60907,0,329,65959,203932,122937,720319,32.032658,205588,341907
"trace_seq_size64_time9000000_p[0.8, 0.2].out",29005,0,0,169805,69612,282008,719682,63.984432,286852,605476
"trace_seq_size32_time9000000_p[0.5, 0.5].out",100144,0,888,157824,464924,250762,450157,31.999844,168686,456755
"trace_seq_size128_time9000_p[0.2, 0.8].out",111902,5904,1290,1350627,226688,143154,180908,127.97789,93651747056,63190050624
"trace_seq_size64_time90000_p[0.5, 0.5].out",61889,162,505,403057,302541,238846,450567,64.009445,24949936960,9881930284
"trace_seq_size64_time9000_p[0.2, 0.8].out",68795,1329,1119,640841,269748,145340,180116,63.965073,48130329042,20621035042
"trace_seq_size16_time9000000_p[0.2, 0.8].out",48477,0,262,56936,459340,526831,180166,16.743074,115013,388806
"trace_seq_size128_time9000000_p[0.5, 0.5].out",156059,0,0,877311,110482,510243,449679,127.998535,490423,1135183
"trace_seq_size8_time90000000_p[0.5, 0.5].out",22840,0,363,45802,186850,392201,449248,11.161341,85795,208937
"trace_seq_size16_time900000_p[0.8, 0.2].out",34855,0,227,32613,114216,158461,719783,16.774124,126708,193223
"trace_seq_size32_time90000000_p[0.5, 0.5].out",99235,1,875,157500,467671,251692,449838,32.041325,168874,457529
"trace_seq_size64_time9000_p[0.8, 0.2].out",29552,39,62,162894,130063,200806,719266,63.977142,61312713936,21838664217
"trace_seq_size64_time90000_p[0.2, 0.8].out",70035,1190,1116,640883,267687,147865,180337,64.032425,12161164779,5238510345
"trace_seq_size64_time9000000_p[0.5, 0.5].out",80672,0,0,433237,173808,507966,449697,64.007889,295347,719322
"trace_seq_size16_time90000_p[0.5, 0.5].out",35063,0,601,70095,273373,217906,450037,16.798018,343743,302508
"trace_seq_size16_time90000_p[0.2, 0.8].out",32640,0,226,55597,298145,340162,180357,16.78093,199921,420636
"trace_seq_size128_time90000_p[0.2, 0.8].out",111363,6233,1391,1352211,227020,142183,179721,128.020721,56978395292,38646123308
"trace_seq_size128_time9000000_p[0.2, 0.8].out",259220,0,0,1425247,107670,563520,179340,128.004898,497185,1222739
"trace_seq_size8_time9000000_p[0.2, 0.8].out",21648,1,249,32204,286790,614333,179939,11.169279,91856,307904
"trace_seq_size32_time900000_p[0.5, 0.5].out",100612,0,946,156898,461770,250184,450345,32.056465,213227,457525
"trace_seq_size64_time90000_p[0.8, 0.2].out",29450,10,55,162191,128517,201954,720168,64.05883,25282991928,9007133988
"trace_seq_size64_time9000_p[0.5, 0.5].out",61731,183,498,404155,304870,237879,449503,64.059128,61136305083,24180374661
"trace_seq_size16_time90000000_p[0.5, 0.5].out",47008,0,691,66216,302474,356345,449732,16.800346,109776,288727
"trace_seq_size128_time9000000_p[0.8, 0.2].out",60464,0,0,346328,42900,286255,719530,128.043121,482930,1046224
"trace_seq_size64_time900000_p[0.2, 0.8].out",142246,0,0,705386,184014,584390,180132,63.986115,339373,818954
"trace_seq_size16_time900000_p[0.5, 0.5].out",46314,0,675,66112,300971,353558,450375,16.771269,135496,288149
"trace_seq_size8_time9000_p[0.8, 0.2].out",15595,7,123,30894,119874,54593,719325,11.160982,6853929209,664779761
