filename,Normal_page_read_count,Multi-plane_one_shot_read_count,One_shot_read_count,Multi-plane_read_count,Multi-plane_SOML_read_count,SOML_read_count,Write_request_count,Write_request_average_size,Read_request_average_response_time,Write_request_average_response_time
"trace_seq_size8_time9000000_p[0.8, 0.2].out",26103,4,215,22236,13740,207046,720243,11.18881,76985,130627
"trace_seq_size128_time9000_p[0.5, 0.5].out",523430,631,12285,562112,401770,244065,450186,128.017838,114190740818,64532619286
"trace_seq_size32_time9000_p[0.5, 0.5].out",81791,96,1396,141611,356393,217801,450036,32.029339,32063346760,7551495254
"trace_seq_size64_time900000_p[0.5, 0.5].out",615606,4,0,754,161864,839231,450143,63.991653,312053,668401
"trace_seq_size16_time9000_p[0.8, 0.2].out",29690,3,307,43317,118926,100765,719914,16.767612,13550053019,1657609107
"trace_seq_size32_time9000000_p[0.2, 0.8].out",302214,2,390,34603,63072,1099983,179726,31.975073,148520,538542
"trace_seq_size8_time90000_p[0.5, 0.5].out",23350,110,366,47122,76475,374606,449570,11.195148,212980,217302
"trace_seq_size8_time9000_p[0.2, 0.8].out",10144,160,200,36093,211453,168819,179878,11.185914,3161230737,1057537657
"trace_seq_size128_time900000_p[0.8, 0.2].out",575140,1,19,18988,136310,329461,719521,128.013672,611786,919301
"trace_seq_size128_time90000000_p[0.8, 0.2].out",574204,2,0,18214,135496,330008,720456,127.995102,279763,920657
"trace_seq_size8_time90000_p[0.2, 0.8].out",22692,22,330,30747,65409,588004,180431,11.166649,134558,319031
"trace_seq_size16_time9000000_p[0.8, 0.2].out",43720,0,328,30056,19108,250851,719676,16.785879,98544,191920
"trace_seq_size128_time90000000_p[0.5, 0.5].out",1457627,7,0,60010,305854,646777,449896,127.987587,285775,1018020
"trace_seq_size128_time90000000_p[0.2, 0.8].out",2363676,1,0,119927,317390,857038,179818,128.003525,291711,1105912
"trace_seq_size32_time90000_p[0.2, 0.8].out",173879,59,479,102206,232721,469264,180356,31.986338,499756,663683
"trace_seq_size64_time9000000_p[0.2, 0.8].out",1044218,0,0,0,114030,1177944,179984,64.037712,185604,764819
"trace_seq_size32_time9000_p[0.8, 0.2].out",65365,6,504,65281,144200,151070,719940,32.006836,31192137745,5932930138
"trace_seq_size32_time90000000_p[0.8, 0.2].out",109762,0,404,25285,43104,318340,719749,32.005428,143508,333321
"trace_seq_size128_time90000_p[0.5, 0.5].out",523916,536,12693,561742,401946,245328,449907,127.986725,77606904670,43931208972
"trace_seq_size32_time90000_p[0.8, 0.2].out",75523,6,445,55462,128897,173350,720195,32.039635,1002501,421526
"trace_seq_size16_time90000_p[0.8, 0.2].out",41082,5,346,31991,36975,204124,720167,16.798141,446010,201262
"trace_seq_size32_time9000_p[0.2, 0.8].out",98243,333,1397,155019,359741,267350,180480,31.983549,21895859166,6221367145
"trace_seq_size8_time9000000_p[0.5, 0.5].out",26958,109,360,44922,54136,521303,449749,11.149608,82495,205675
"trace_seq_size64_time900000_p[0.8, 0.2].out",233407,0,0,60,67786,416161,720046,63.989891,334110,561254
"trace_seq_size128_time900000_p[0.5, 0.5].out",1442454,4,154,66302,304024,636902,449564,128.003372,541487,1017644
"trace_seq_size8_time900000_p[0.5, 0.5].out",26533,112,422,44926,53585,518363,450823,11.156096,101643,205225
"trace_seq_size8_time900000_p[0.8, 0.2].out",25951,4,201,22151,13840,206098,721109,11.161968,91620,130194
"trace_seq_size16_time90000000_p[0.2, 0.8].out",72177,10,471,38197,41822,957902,180143,16.835958,107321,381973
"trace_seq_size8_time90000000_p[0.8, 0.2].out",26155,3,213,22425,13954,208165,719512,11.168679,77026,130705
"trace_seq_size16_time9000_p[0.2, 0.8].out",22922,202,353,60499,287435,204131,180318,16.769854,7220359201,2159184581
"trace_seq_size128_time9000_p[0.8, 0.2].out",354816,52,2162,147901,172036,219493,719969,128.011856,118072079526,63533227896
"trace_seq_size16_time9000_p[0.5, 0.5].out",28992,127,668,81008,283162,148893,450719,16.798809,13233393150,2520552768
"trace_seq_size64_time90000000_p[0.5, 0.5].out",619073,3,0,0,159846,847826,450367,64.023773,184047,667695
"trace_seq_size128_time900000_p[0.2, 0.8].out",2338742,4,205,128919,318567,843228,179873,128.00148,413197,1109986
"trace_seq_size8_time9000_p[0.5, 0.5].out",15588,150,361,51960,230498,112675,449295,11.180964,6473605013,1148358957
"trace_seq_size64_time90000000_p[0.8, 0.2].out",234228,1,0,0,67378,416603,720069,64.013161,182383,559622
"trace_seq_size32_time90000_p[0.5, 0.5].out",89701,96,1438,140449,332695,235612,449569,32.034309,2185366,1130738
"trace_seq_size64_time90000000_p[0.2, 0.8].out",1043543,1,0,0,114546,1177377,180286,63.966087,185643,766175
"trace_seq_size32_time9000000_p[0.8, 0.2].out",113134,0,415,26709,40418,315365,719753,32.022396,143518,333589
"trace_seq_size32_time90000000_p[0.2, 0.8].out",301344,1,395,35360,61740,1097758,180292,32.07019,148375,538853
"trace_seq_size8_time900000_p[0.2, 0.8].out",26739,30,353,29167,44307,855663,180169,11.166403,100604,302534
"trace_seq_size16_time90000000_p[0.8, 0.2].out",43661,1,326,30054,19026,249351,720215,16.771118,98405,191425
"trace_seq_size16_time900000_p[0.2, 0.8].out",71622,8,467,38020,41072,956222,179279,16.807735,126482,381810
"trace_seq_size8_time90000_p[0.8, 0.2].out",25051,4,215,22831,19527,180873,720238,11.171127,262748,134445
"trace_seq_size8_time90000000_p[0.2, 0.8].out",27008,22,355,28911,43903,859362,180024,11.171506,88037,303079
"trace_seq_size128_time90000_p[0.8, 0.2].out",356135,22,2233,147741,172100,220095,719737,128.018936,82073917380,44033003777
"trace_seq_size32_time900000_p[0.2, 0.8].out",300867,1,372,35449,61790,1092610,180205,32.019505,183583,540500
"trace_seq_size16_time9000000_p[0.5, 0.5].out",60581,68,858,60150,54079,602441,450299,16.784006,102906,282376
"trace_seq_size32_time900000_p[0.8, 0.2].out",108461,3,356,24349,44146,318200,720319,32.033054,205361,333279
"trace_seq_size64_time9000000_p[0.8, 0.2].out",234533,0,0,0,67468,418235,719682,63.984432,182422,560990
"trace_seq_size32_time9000000_p[0.5, 0.5].out",208527,10,1154,51734,95372,723255,450157,31.999844,146032,438919
"trace_seq_size128_time9000_p[0.2, 0.8].out",530454,2922,18221,1015962,434391,168638,180908,127.977516,93389200589,55439078254
"trace_seq_size64_time90000_p[0.5, 0.5].out",207950,120,3618,264972,395009,276318,450567,64.008904,25074170352,9133027558
"trace_seq_size64_time9000_p[0.2, 0.8].out",274434,864,6041,426488,396066,232036,180116,63.964771,47635951690,19091266813
"trace_seq_size16_time9000000_p[0.2, 0.8].out",71374,8,435,38127,41476,958849,180166,16.743074,107240,380084
"trace_seq_size128_time9000000_p[0.5, 0.5].out",1458849,4,0,60523,305238,646250,449679,127.998535,285771,1016833
"trace_seq_size8_time90000000_p[0.5, 0.5].out",27066,116,366,44802,53815,522300,449248,11.161341,82552,205687
"trace_seq_size16_time900000_p[0.8, 0.2].out",43638,2,311,30068,18893,249795,719783,16.773966,124935,191565
"trace_seq_size32_time90000000_p[0.5, 0.5].out",208781,17,1070,50424,97804,725481,449838,32.041325,146138,439224
"trace_seq_size64_time9000_p[0.8, 0.2].out",126824,7,546,80136,167187,233010,719266,63.977119,61069741187,19961758523
"trace_seq_size64_time90000_p[0.2, 0.8].out",290570,798,5914,416879,390877,243032,180337,64.030968,11685056581,4674125518
"trace_seq_size64_time9000000_p[0.5, 0.5].out",619285,1,0,0,160588,849043,449697,64.007889,184008,668326
"trace_seq_size16_time90000_p[0.5, 0.5].out",47541,75,844,67208,113040,380294,450037,16.797684,362163,306639
"trace_seq_size16_time90000_p[0.2, 0.8].out",56209,14,469,44560,88877,583391,180357,16.781441,207518,413651
"trace_seq_size128_time90000_p[0.2, 0.8].out",528712,2767,18041,1018804,436817,167570,179721,128.02066,56680508245,33812961816
"trace_seq_size128_time9000000_p[0.2, 0.8].out",2365697,1,0,120390,318232,856192,179340,128.004898,291712,1106090
"trace_seq_size8_time9000000_p[0.2, 0.8].out",27140,20,364,28760,43823,858244,179939,11.169279,88033,302150
"trace_seq_size32_time900000_p[0.5, 0.5].out",207848,18,1174,52221,94748,718579,450345,32.056667,209281,440369
"trace_seq_size64_time90000_p[0.8, 0.2].out",127314,4,555,78850,165329,234706,720168,64.057457,25027156017,8175509958
"trace_seq_size64_time9000_p[0.5, 0.5].out",203086,148,3782,268873,398633,272441,449503,64.056694,61282051879,22253105490
"trace_seq_size16_time90000000_p[0.5, 0.5].out",60524,76,833,60181,53754,602737,449732,16.800346,102833,282030
"trace_seq_size128_time9000000_p[0.8, 0.2].out",577397,2,0,18352,136632,331530,719530,128.043121,280026,919923
"trace_seq_size64_time900000_p[0.2, 0.8].out",1039367,0,0,1257,117884,1162422,180132,63.985661,250560,766844
"trace_seq_size16_time900000_p[0.5, 0.5].out",59805,69,780,60139,53977,598362,450375,16.771227,134314,282078
"trace_seq_size8_time9000_p[0.8, 0.2].out",18841,6,181,30386,98492,74489,719325,11.160915,6949051822,667676894
