filename,Normal_page_read_count,Multi-plane_one_shot_read_count,One_shot_read_count,Multi-plane_read_count,Multi-plane_SOML_read_count,SOML_read_count,Write_request_count,Write_request_average_size,Read_request_average_response_time,Write_request_average_response_time
"trace_random_size128_time9000000_p[0.8, 0.2].out",230196,0,35,260767,85991,558288,719737,128.008774,372643,1061735
"trace_random_size64_time9000_p[0.8, 0.2].out",112549,0,0,152245,313160,333493,720106,63.99715,78158945853,35742181641
"trace_random_size8_time9000_p[0.2, 0.8].out",10016,0,1,19017,737016,322292,179519,11.167734,17753108249,3613877807
"trace_random_size16_time900000_p[0.2, 0.8].out",75627,0,0,14545,203981,939184,180108,16.774288,139326,403919
"trace_random_size32_time9000000_p[0.2, 0.8].out",241162,0,0,111235,252494,874438,180970,32.027451,174448,531414
"trace_random_size8_time900000_p[0.5, 0.5].out",30103,0,0,9727,204935,785511,450001,11.166293,133746,363757
"trace_random_size32_time9000_p[0.5, 0.5].out",74476,2,7,152572,647090,275048,449913,32.031132,41636834244,13182295801
"trace_random_size128_time9000000_p[0.2, 0.8].out",624124,0,12,1170306,89303,686674,179717,128.004257,372379,1080658
"trace_random_size8_time90000_p[0.5, 0.5].out",19627,0,0,19581,529145,451279,450113,11.168029,682912,571668
"trace_random_size64_time9000000_p[0.2, 0.8].out",445737,0,3,496222,93778,771786,180070,64.042892,254372,771293
"trace_random_size64_time9000000_p[0.5, 0.5].out",324310,0,2,288191,104840,718326,450214,63.985874,254149,771641
"trace_random_size8_time9000000_p[0.8, 0.2].out",37734,0,0,15097,228664,611105,719835,11.167713,103229,354066
"trace_random_size128_time90000_p[0.2, 0.8].out",257279,656,909,1387154,527954,171559,180091,128.022568,61586398539,38637335137
"trace_random_size64_time90000_p[0.8, 0.2].out",113067,0,0,151519,313675,333130,720381,64.036179,41942911147,19209721694
"trace_random_size16_time9000000_p[0.8, 0.2].out",60783,0,0,17633,188869,601350,719346,16.759941,124828,402363
"trace_random_size16_time90000000_p[0.8, 0.2].out",60647,0,0,17846,188905,601620,720102,16.768063,125304,402650
"trace_random_size64_time90000000_p[0.2, 0.8].out",447410,0,1,495768,93976,773189,179127,64.029213,254250,771813
"trace_random_size32_time90000_p[0.8, 0.2].out",60194,0,0,72613,418109,304433,719398,31.98834,14759120019,4673848890
"trace_random_size128_time900000_p[0.8, 0.2].out",231393,0,3,259796,88816,556839,719998,128.054962,689202,1125845
"trace_random_size8_time900000_p[0.8, 0.2].out",37921,0,0,15231,228678,610666,719842,11.172107,148751,360815
"trace_random_size8_time9000000_p[0.5, 0.5].out",29990,0,0,9443,202652,787932,449311,11.164676,103340,358739
"trace_random_size128_time900000_p[0.2, 0.8].out",625269,0,5,1170389,91942,683213,179527,127.967583,450861,1102363
"trace_random_size32_time90000000_p[0.5, 0.5].out",177529,0,0,69720,211333,772961,450495,32.001141,174312,535273
"trace_random_size8_time90000000_p[0.8, 0.2].out",37803,0,0,14975,228492,611388,720237,11.162965,103259,353787
"trace_random_size64_time90000_p[0.2, 0.8].out",150944,7,398,662002,631594,195505,180391,64.065872,17015564858,7793636546
"trace_random_size128_time90000000_p[0.5, 0.5].out",481027,0,23,685617,97215,659876,449211,128.014008,373208,1075401
"trace_random_size8_time90000_p[0.2, 0.8].out",20893,0,0,8371,323341,747317,179438,11.197803,343977,484809
"trace_random_size128_time90000_p[0.8, 0.2].out",191860,0,0,303591,236691,359677,720085,128.002472,96660850972,60871734352
"trace_random_size64_time900000_p[0.2, 0.8].out",445812,0,1,495115,95679,771168,180367,63.998211,293973,781156
"trace_random_size16_time9000000_p[0.5, 0.5].out",68105,0,0,16716,208202,797693,449979,16.772581,124950,410091
"trace_random_size64_time9000_p[0.2, 0.8].out",149150,106,379,660866,640194,191142,180257,63.976543,53218772186,24408592083
"trace_random_size64_time90000000_p[0.5, 0.5].out",322897,0,0,288425,104755,717832,450614,63.96666,253851,770515
"trace_random_size16_time90000000_p[0.2, 0.8].out",75585,0,0,14266,202064,940852,179411,16.766605,124928,400977
"trace_random_size64_time900000_p[0.5, 0.5].out",324264,0,0,288675,106429,716527,450034,63.980045,354846,797304
"trace_random_size64_time9000_p[0.5, 0.5].out",168048,18,38,392143,495663,274546,450330,64.01223,66898750008,30595422387
"trace_random_size16_time9000000_p[0.2, 0.8].out",74759,0,0,14229,202612,942215,179335,16.777813,125020,401601
"trace_random_size16_time90000_p[0.8, 0.2].out",33181,0,0,42749,482034,286589,719890,16.768085,2677195357,638792112
"trace_random_size16_time9000_p[0.2, 0.8].out",27174,0,9,59266,800273,299930,180205,16.759548,21929667700,5211701153
"trace_random_size64_time900000_p[0.8, 0.2].out",159722,0,0,111809,95919,584984,719920,64.014526,413576,796286
"trace_random_size16_time90000_p[0.2, 0.8].out",57030,0,0,31710,438279,688241,179942,16.785236,456628,582034
"trace_random_size128_time900000_p[0.5, 0.5].out",482772,0,24,683718,102059,654581,449898,128.010422,573959,1124299
"trace_random_size8_time9000_p[0.5, 0.5].out",12456,0,0,26152,716226,259126,450114,11.177069,25285416285,5169288618
"trace_random_size128_time9000_p[0.8, 0.2].out",192336,39,2,302472,235564,360311,720309,128.020706,133338742907,83740972384
"trace_random_size8_time90000000_p[0.5, 0.5].out",29960,0,0,9745,202596,787241,449988,11.174069,103375,359140
"trace_random_size128_time9000_p[0.2, 0.8].out",256457,680,929,1386312,527866,171613,180770,128.021652,98136838747,61665096060
"trace_random_size32_time90000_p[0.2, 0.8].out",109665,0,41,210269,692177,369752,180399,32.019348,970730,913643
"trace_random_size128_time9000_p[0.5, 0.5].out",305812,63,120,814229,399595,272964,449809,128.037735,117375036635,73538478628
"trace_random_size32_time900000_p[0.8, 0.2].out",104289,0,0,34535,158411,594303,720394,32.03339,258200,544147
"trace_random_size16_time9000_p[0.5, 0.5].out",27012,1,0,54484,703529,267825,450960,16.778059,29803879421,7095226761
"trace_random_size16_time90000000_p[0.5, 0.5].out",67444,0,0,16641,208865,798198,450231,16.765198,124886,409759
"trace_random_size8_time9000000_p[0.2, 0.8].out",25271,0,0,4166,146952,927902,179933,11.163061,103428,345843
"trace_random_size64_time90000_p[0.5, 0.5].out",170895,0,33,390824,494005,278197,449703,64.020233,30734445226,14069027828
"trace_random_size32_time90000000_p[0.8, 0.2].out",103786,0,0,34776,157028,596389,720123,32.008244,174316,526174
"trace_random_size32_time90000_p[0.5, 0.5].out",75927,0,9,151895,642389,279509,450083,32.062168,6121029062,1932252902
"trace_random_size16_time90000_p[0.5, 0.5].out",36117,0,1,46973,607798,369921,449961,16.751608,866855,692432
"trace_random_size8_time9000_p[0.8, 0.2].out",20687,0,0,31179,546896,278141,719683,11.156291,32738712803,6710614992
"trace_random_size32_time9000000_p[0.5, 0.5].out",177179,0,0,69869,212231,773816,450066,31.999882,174311,535592
"trace_random_size128_time9000000_p[0.5, 0.5].out",482948,0,35,684081,97958,659403,449483,127.974159,373220,1076737
"trace_random_size64_time90000000_p[0.8, 0.2].out",159306,0,0,112869,94058,585970,719762,63.998981,254477,760043
"trace_random_size16_time900000_p[0.8, 0.2].out",60197,0,0,17874,188436,602957,719129,16.768488,179113,412611
"trace_random_size128_time90000_p[0.5, 0.5].out",307319,259,129,813689,398294,272728,449576,128.03891,80869032144,50758819276
"trace_random_size32_time9000_p[0.2, 0.8].out",76530,9,54,236658,797207,244709,180352,32.018345,31986804193,10075334509
"trace_random_size32_time90000000_p[0.2, 0.8].out",241909,0,0,110593,252642,875661,179552,32.011681,174355,531710
"trace_random_size16_time9000_p[0.8, 0.2].out",33254,0,0,42710,484326,284642,720330,16.781254,37587987495,8962289343
"trace_random_size128_time90000000_p[0.2, 0.8].out",626248,0,8,1168384,89050,685966,180098,127.959946,372278,1081518
"trace_random_size64_time9000000_p[0.8, 0.2].out",158322,0,1,113035,94452,584135,719713,63.988636,254316,759903
"trace_random_size128_time90000000_p[0.8, 0.2].out",229762,0,22,261529,86325,559868,719266,128.005951,373093,1062183
"trace_random_size16_time900000_p[0.5, 0.5].out",68553,0,0,16724,210114,797493,449509,16.787037,160661,417297
"trace_random_size8_time900000_p[0.2, 0.8].out",25237,0,0,4203,148292,926021,181057,11.159147,115386,347475
"trace_random_size32_time900000_p[0.2, 0.8].out",240690,0,0,111494,254076,874137,179649,32.031761,196056,537686
"trace_random_size32_time9000000_p[0.8, 0.2].out",103890,0,0,34553,158061,595062,720394,32.055885,174583,526584
"trace_random_size8_time90000000_p[0.2, 0.8].out",25231,0,0,4262,145147,929372,180078,11.171837,103454,346240
"trace_random_size8_time90000_p[0.8, 0.2].out",22114,0,0,30067,534143,291465,719791,11.153537,330704677,68128055
"trace_random_size32_time9000_p[0.8, 0.2].out",59993,0,0,72742,417825,304425,719802,32.016933,50352794838,15976966773
"trace_random_size32_time900000_p[0.5, 0.5].out",176937,0,0,70671,212148,771368,450266,32.056911,228671,548686
