filename,Normal_page_read_count,Multi-plane_one_shot_read_count,One_shot_read_count,Multi-plane_read_count,Multi-plane_SOML_read_count,SOML_read_count,Write_request_count,Write_request_average_size,Read_request_average_response_time,Write_request_average_response_time
"trace_random_size128_time9000000_p[0.8, 0.2].out",422345,0,0,147398,68783,610170,719737,128.008774,378923,1341484
"trace_random_size64_time9000_p[0.8, 0.2].out",137018,15,368,131246,299066,363888,720106,63.99715,78689457689,38625046674
"trace_random_size8_time9000_p[0.2, 0.8].out",10745,24,26,18219,714179,345658,179519,11.167685,18077220163,3707895191
"trace_random_size16_time900000_p[0.2, 0.8].out",80236,0,0,9894,141121,1006668,180108,16.774506,137429,405503
"trace_random_size32_time9000000_p[0.2, 0.8].out",307628,0,0,45383,135912,1056219,180970,32.027451,165660,541821
"trace_random_size8_time900000_p[0.5, 0.5].out",30121,0,0,9649,210453,779954,450001,11.166232,132588,361320
"trace_random_size32_time9000_p[0.5, 0.5].out",82796,55,649,143236,629570,300626,449913,32.031387,41884352332,13601890511
"trace_random_size128_time9000000_p[0.2, 0.8].out",1971425,0,0,374159,165689,855298,179717,128.004257,333454,1358132
"trace_random_size8_time90000_p[0.5, 0.5].out",19857,0,12,19255,515958,464662,450113,11.168033,685371,570189
"trace_random_size64_time9000000_p[0.2, 0.8].out",892138,0,0,138789,79516,1054501,180070,64.042892,215075,817522
"trace_random_size64_time9000000_p[0.5, 0.5].out",510559,0,0,137991,85931,851373,450214,63.985874,226464,818758
"trace_random_size8_time9000000_p[0.8, 0.2].out",37746,0,0,15090,239893,599675,719835,11.167713,102928,356109
"trace_random_size128_time90000_p[0.2, 0.8].out",499827,6409,14243,1242052,434931,237688,180091,128.020935,63329521204,52133230348
"trace_random_size64_time90000_p[0.8, 0.2].out",138256,0,385,129716,298780,365252,720381,64.035835,42479733897,20895988933
"trace_random_size16_time9000000_p[0.8, 0.2].out",60978,0,0,17355,203925,586542,719346,16.759941,123879,407065
"trace_random_size16_time90000000_p[0.8, 0.2].out",61197,0,0,17213,204218,586907,720102,16.768063,124231,407205
"trace_random_size64_time90000000_p[0.2, 0.8].out",893125,0,0,138606,79424,1056337,179127,64.029213,215149,818662
"trace_random_size32_time90000_p[0.8, 0.2].out",65376,0,59,67573,413872,313338,719398,31.988142,14899428002,4839906452
"trace_random_size128_time900000_p[0.8, 0.2].out",424281,0,47,146513,72103,607076,719998,128.05365,760004,1440767
"trace_random_size8_time900000_p[0.8, 0.2].out",38294,0,0,14745,240748,598989,719842,11.171897,146934,356161
"trace_random_size8_time9000000_p[0.5, 0.5].out",29866,0,0,9540,209534,780826,449311,11.164676,102973,360838
"trace_random_size128_time900000_p[0.2, 0.8].out",1964577,0,112,379811,165080,851585,179527,127.967735,440592,1390472
"trace_random_size32_time90000000_p[0.5, 0.5].out",198908,0,0,48496,187035,818274,450495,32.001141,168081,546336
"trace_random_size8_time90000000_p[0.8, 0.2].out",37777,0,0,14966,239484,600236,720237,11.162965,102962,356098
"trace_random_size64_time90000_p[0.2, 0.8].out",239978,1647,4727,579832,612350,267210,180391,64.064888,17632690650,8690796906
"trace_random_size128_time90000000_p[0.5, 0.5].out",1119960,0,0,308822,119321,752481,449211,128.014008,359370,1355309
"trace_random_size8_time90000_p[0.2, 0.8].out",21423,0,0,7825,295779,775332,179438,11.197831,342703,478740
"trace_random_size128_time90000_p[0.8, 0.2].out",285566,24,2847,248324,213880,390613,720085,128.002029,98056966988,81026853828
"trace_random_size64_time900000_p[0.2, 0.8].out",889242,0,0,139769,80224,1053868,180367,63.998211,263847,820885
"trace_random_size16_time9000000_p[0.5, 0.5].out",69249,0,0,15457,202944,804231,449979,16.772581,123606,414604
"trace_random_size64_time9000_p[0.2, 0.8].out",230632,1927,4764,584539,620196,258213,180257,63.976376,53852309228,26527155540
"trace_random_size64_time90000000_p[0.5, 0.5].out",509894,0,0,137637,85241,851898,450614,63.96666,226240,818481
"trace_random_size16_time90000000_p[0.2, 0.8].out",80016,0,0,9771,140414,1007004,179411,16.766605,123012,404481
"trace_random_size64_time900000_p[0.5, 0.5].out",511389,0,0,137840,87114,850352,450034,63.979965,339225,827070
"trace_random_size64_time9000_p[0.5, 0.5].out",211145,219,2813,351627,483615,314962,450330,64.01265,67510179958,33174416142
"trace_random_size16_time9000000_p[0.2, 0.8].out",79344,0,0,9625,140724,1008640,179335,16.777813,123051,405568
"trace_random_size16_time90000_p[0.8, 0.2].out",33895,0,4,41982,481344,287993,719890,16.768171,2691678280,651423116
"trace_random_size16_time9000_p[0.2, 0.8].out",30800,158,131,55305,756980,346138,180205,16.759462,22287462908,5369293098
"trace_random_size64_time900000_p[0.8, 0.2].out",208221,0,0,72095,76535,635272,719920,64.014214,400876,820461
"trace_random_size16_time90000_p[0.2, 0.8].out",62337,34,42,26362,370504,761011,179942,16.785379,461539,588702
"trace_random_size128_time900000_p[0.5, 0.5].out",1112833,0,184,312284,122670,746279,449898,128.009674,616638,1427531
"trace_random_size8_time9000_p[0.5, 0.5].out",12640,2,15,25890,707662,267808,450114,11.176909,25307257738,5214661510
"trace_random_size128_time9000_p[0.8, 0.2].out",284722,54,2846,247581,214104,390530,720309,128.025604,134780840610,110929473639
"trace_random_size8_time90000000_p[0.5, 0.5].out",29982,0,0,9657,209035,780776,449988,11.174069,102995,361366
"trace_random_size128_time9000_p[0.2, 0.8].out",501360,6231,14151,1240592,435417,237580,180770,128.018219,99878692228,82193242428
"trace_random_size32_time90000_p[0.2, 0.8].out",141277,622,714,175755,634235,459323,180399,32.019165,1032675,955664
"trace_random_size128_time9000_p[0.5, 0.5].out",457971,1508,8628,727976,341422,317262,449809,128.037735,119224818614,97975310781
"trace_random_size32_time900000_p[0.8, 0.2].out",108867,0,0,30019,174877,582244,720394,32.033974,250442,538136
"trace_random_size16_time9000_p[0.5, 0.5].out",28740,8,78,52716,691336,281451,450960,16.778152,29915975138,7221805197
"trace_random_size16_time90000000_p[0.5, 0.5].out",68717,0,0,15287,203012,805399,450231,16.765198,123521,414205
"trace_random_size8_time9000000_p[0.2, 0.8].out",25551,0,0,3858,129766,945302,179933,11.163061,102779,347880
"trace_random_size64_time90000_p[0.5, 0.5].out",215548,207,2711,349702,481418,319077,449703,64.021172,31310559792,15393792045
"trace_random_size32_time90000000_p[0.8, 0.2].out",108687,0,0,29892,175886,582336,720123,32.008244,169635,537546
"trace_random_size32_time90000_p[0.5, 0.5].out",86177,58,625,140724,623293,308460,450083,32.062141,6385334666,2067547356
"trace_random_size16_time90000_p[0.5, 0.5].out",38325,1,62,44636,584988,394911,449961,16.751736,880203,697974
"trace_random_size8_time9000_p[0.8, 0.2].out",20689,0,2,31106,546130,278846,719683,11.156371,32731559471,6758354410
"trace_random_size32_time9000000_p[0.5, 0.5].out",198951,0,0,48242,186934,820539,450066,31.999882,168046,546737
"trace_random_size128_time9000000_p[0.5, 0.5].out",1118894,0,0,309424,120139,750676,449483,127.974159,359489,1355001
"trace_random_size64_time90000000_p[0.8, 0.2].out",209058,0,0,72023,76123,635829,719762,63.998981,234695,808073
"trace_random_size16_time900000_p[0.8, 0.2].out",60700,0,0,17306,204347,587566,719129,16.767277,176290,407244
"trace_random_size128_time90000_p[0.5, 0.5].out",458159,1588,8581,728342,340918,316608,449576,128.037415,82689486536,68010204861
"trace_random_size32_time9000_p[0.2, 0.8].out",99372,640,1049,211005,752179,311386,180352,32.018162,32420996845,10468192162
"trace_random_size32_time90000000_p[0.2, 0.8].out",308165,0,0,45011,135200,1057965,179552,32.011681,165527,542179
"trace_random_size16_time9000_p[0.8, 0.2].out",33761,0,2,42259,481396,287875,720330,16.780973,37639411728,9102009043
"trace_random_size128_time90000000_p[0.2, 0.8].out",1969737,0,0,374640,164867,854159,180098,127.959946,333409,1357465
"trace_random_size64_time9000000_p[0.8, 0.2].out",208121,0,0,72215,76417,634003,719713,63.988636,234309,807396
"trace_random_size128_time90000000_p[0.8, 0.2].out",422490,0,0,148177,69038,611183,719266,128.005951,379289,1341545
"trace_random_size16_time900000_p[0.5, 0.5].out",69552,0,0,15684,203072,805538,449509,16.78713,159021,415112
"trace_random_size8_time900000_p[0.2, 0.8].out",25391,0,0,4027,131233,943154,181057,11.159042,114841,347593
"trace_random_size32_time900000_p[0.2, 0.8].out",307824,0,0,45059,137333,1056583,179649,32.031555,188770,542419
"trace_random_size32_time9000000_p[0.8, 0.2].out",108638,0,0,29784,174698,583162,720394,32.055885,169708,537678
"trace_random_size8_time90000000_p[0.2, 0.8].out",25633,0,0,3831,130107,944757,180078,11.171837,102830,347988
"trace_random_size8_time90000_p[0.8, 0.2].out",22210,0,0,29991,531393,294039,719791,11.153732,325729988,67606676
"trace_random_size32_time9000_p[0.8, 0.2].out",64330,2,54,68351,416797,309660,719802,32.016338,50475697176,16426991047
"trace_random_size32_time900000_p[0.5, 0.5].out",198956,0,0,48782,186670,818556,450266,32.057598,222668,547409
