filename,Normal_page_read_count,Multi-plane_one_shot_read_count,One_shot_read_count,Multi-plane_read_count,Multi-plane_SOML_read_count,SOML_read_count,Write_request_count,Write_request_average_size,Read_request_average_response_time,Write_request_average_response_time
"trace_seq_size8_time9000000_p[0.8, 0.2].out",25686,0,219,22503,13842,206839,720243,11.18881,76985,130587
"trace_seq_size128_time9000_p[0.5, 0.5].out",459926,167,6961,603224,486370,160701,450186,128.023071,113381936988,64075491348
"trace_seq_size32_time9000_p[0.5, 0.5].out",71842,36,885,150164,375270,193641,450036,32.028774,31882944854,7510589315
"trace_seq_size64_time900000_p[0.5, 0.5].out",614075,0,0,2246,182294,817374,450143,63.991653,310925,666896
"trace_seq_size16_time9000_p[0.8, 0.2].out",28504,2,258,43331,125778,95195,719914,16.767014,13508830662,1652388979
"trace_seq_size32_time9000000_p[0.2, 0.8].out",301902,2,350,34779,63314,1099821,179726,31.975073,148520,538381
"trace_seq_size8_time90000_p[0.5, 0.5].out",21935,0,322,48409,103560,347621,449570,11.195145,211829,217149
"trace_seq_size8_time9000_p[0.2, 0.8].out",8476,28,161,37557,227503,152397,179878,11.185854,3137450655,1050210302
"trace_seq_size128_time900000_p[0.8, 0.2].out",535076,0,0,57464,281018,148997,719521,128.013672,602473,917716
"trace_seq_size128_time90000000_p[0.8, 0.2].out",537470,0,0,54731,281338,147878,720456,127.995102,274655,919092
"trace_seq_size8_time90000_p[0.2, 0.8].out",21589,4,257,31878,87462,565906,180431,11.166653,133928,318644
"trace_seq_size16_time9000000_p[0.8, 0.2].out",42935,0,313,29662,20251,251326,719676,16.785879,98544,191871
"trace_seq_size128_time90000000_p[0.5, 0.5].out",1336023,0,0,180576,602050,231095,449896,127.987587,278790,1017020
"trace_seq_size128_time90000000_p[0.2, 0.8].out",2121474,0,0,359611,771602,165666,179818,128.003525,282944,1101499
"trace_seq_size32_time90000_p[0.2, 0.8].out",164832,3,263,110830,244262,451032,180356,31.986204,496853,658544
"trace_seq_size64_time9000000_p[0.2, 0.8].out",1044218,1,0,0,119310,1172658,179984,64.037712,185604,763696
"trace_seq_size32_time9000_p[0.8, 0.2].out",63342,7,421,66933,149780,144341,719940,32.006836,31127810599,5921346742
"trace_seq_size32_time90000000_p[0.8, 0.2].out",109282,0,361,25506,43414,318197,719749,32.005428,143508,333275
"trace_seq_size128_time90000_p[0.5, 0.5].out",462207,74,6762,602207,488857,160454,449907,127.986702,76787125082,43467183714
"trace_seq_size32_time90000_p[0.8, 0.2].out",74265,1,425,56678,131138,170032,720195,32.039417,999422,421765
"trace_seq_size16_time90000_p[0.8, 0.2].out",39446,0,324,32280,51859,190409,720167,16.798443,443606,201159
"trace_seq_size32_time9000_p[0.2, 0.8].out",81651,23,507,171094,386172,230273,180480,31.983408,21747691391,6178190456
"trace_seq_size8_time9000000_p[0.5, 0.5].out",25512,1,322,46389,53589,521124,449749,11.149608,82495,205522
"trace_seq_size64_time900000_p[0.8, 0.2].out",233267,0,0,197,76364,407447,720046,63.98988,333648,560780
"trace_seq_size128_time900000_p[0.5, 0.5].out",1297618,0,0,197910,591362,235146,449564,128.003372,530648,1016541
"trace_seq_size8_time900000_p[0.5, 0.5].out",25713,0,337,46064,53047,518373,450823,11.156095,101607,205145
"trace_seq_size8_time900000_p[0.8, 0.2].out",25420,0,266,22372,13504,206352,721109,11.162107,91599,130178
"trace_seq_size16_time90000000_p[0.2, 0.8].out",71534,6,409,37889,43842,957351,180143,16.835958,107321,381613
"trace_seq_size8_time90000000_p[0.8, 0.2].out",25771,0,205,22679,13612,208425,719512,11.168679,77026,130694
"trace_seq_size16_time9000_p[0.2, 0.8].out",19247,28,227,63430,312047,178694,180318,16.769712,7159449704,2141549334
"trace_seq_size128_time9000_p[0.8, 0.2].out",331070,22,1018,167074,253915,126735,719969,128.011856,117454881805,63201133020
"trace_seq_size16_time9000_p[0.5, 0.5].out",24119,38,452,82678,303319,131548,450719,16.799023,13161771280,2506283756
"trace_seq_size64_time90000000_p[0.5, 0.5].out",619073,0,0,0,176656,831034,450367,64.023773,184047,666250
"trace_seq_size128_time900000_p[0.2, 0.8].out",2061519,0,0,384429,759764,171449,179873,128.00148,400957,1105163
"trace_seq_size8_time9000_p[0.5, 0.5].out",13164,21,260,53831,242539,100382,449295,11.180696,6436589949,1142181506
"trace_seq_size64_time90000000_p[0.8, 0.2].out",234228,0,0,0,75644,408343,720069,64.013161,182383,559153
"trace_seq_size32_time90000_p[0.5, 0.5].out",81416,17,986,147777,344096,219615,449569,32.0355,1905532,1043160
"trace_seq_size64_time90000000_p[0.2, 0.8].out",1043543,0,0,0,119694,1172235,180286,63.966087,185643,765081
"trace_seq_size32_time9000000_p[0.8, 0.2].out",112979,0,384,26761,41074,314853,719753,32.022396,143518,333538
"trace_seq_size32_time90000000_p[0.2, 0.8].out",301167,3,370,35408,62526,1097116,180292,32.07019,148375,538625
"trace_seq_size8_time900000_p[0.2, 0.8].out",26046,11,292,29863,44841,854735,180169,11.166403,100559,302157
"trace_seq_size16_time90000000_p[0.8, 0.2].out",42880,0,312,29759,19734,250062,720215,16.771118,98405,191395
"trace_seq_size16_time900000_p[0.2, 0.8].out",70947,2,413,37823,42875,955686,179279,16.807735,126415,381439
"trace_seq_size8_time90000_p[0.8, 0.2].out",24585,0,221,23190,27607,172577,720238,11.171214,261720,134422
"trace_seq_size8_time90000000_p[0.2, 0.8].out",25911,5,278,29787,44885,858058,180024,11.171506,88037,302502
"trace_seq_size128_time90000_p[0.8, 0.2].out",332222,0,956,167255,254877,126195,719737,128.018448,81417119956,43680656064
"trace_seq_size32_time900000_p[0.2, 0.8].out",300224,1,372,35744,62598,1091851,180205,32.019505,183590,540132
"trace_seq_size16_time9000000_p[0.5, 0.5].out",58385,0,690,59998,58421,601511,450299,16.784006,102906,281992
"trace_seq_size32_time900000_p[0.8, 0.2].out",108074,0,367,24488,44570,317870,720319,32.033054,205282,333233
"trace_seq_size64_time9000000_p[0.8, 0.2].out",234533,0,0,0,75246,410457,719682,63.984432,182422,560547
"trace_seq_size32_time9000000_p[0.5, 0.5].out",206565,1,1055,52719,97636,721334,450157,31.999844,146032,438532
"trace_seq_size128_time9000_p[0.2, 0.8].out",390975,561,7801,1097559,523963,101100,180908,127.977524,92400409638,54851973144
"trace_seq_size64_time90000_p[0.5, 0.5].out",187988,32,2162,274746,438722,238044,450567,64.0093,24707335532,8999398383
"trace_seq_size64_time9000_p[0.2, 0.8].out",217972,40,2518,459938,454006,180270,180116,63.96471,47195724237,18914818378
"trace_seq_size16_time9000000_p[0.2, 0.8].out",70670,3,382,38028,43506,957910,180166,16.743074,107240,379643
"trace_seq_size128_time9000000_p[0.5, 0.5].out",1336775,0,0,181545,600706,230836,449679,127.998535,278824,1015817
"trace_seq_size8_time90000000_p[0.5, 0.5].out",25691,0,335,46226,53619,521812,449248,11.161341,82552,205511
"trace_seq_size16_time900000_p[0.8, 0.2].out",42660,0,302,29913,20066,249949,719783,16.774065,124884,191492
"trace_seq_size32_time90000000_p[0.5, 0.5].out",206397,1,1010,51605,100610,722973,449838,32.041325,146138,438755
"trace_seq_size64_time9000_p[0.8, 0.2].out",123284,12,374,81701,180162,220812,719266,63.977119,60940305528,19919452030
"trace_seq_size64_time90000_p[0.2, 0.8].out",234980,28,2416,449463,447889,192223,180337,64.031754,11252079106,4500935397
"trace_seq_size64_time9000000_p[0.5, 0.5].out",619285,0,0,0,177050,832587,449697,64.007889,184008,666895
"trace_seq_size16_time90000_p[0.5, 0.5].out",42989,0,602,69259,155661,339679,450037,16.797943,357942,306040
"trace_seq_size16_time90000_p[0.2, 0.8].out",53661,4,361,46252,118349,553649,180357,16.781202,205504,412805
"trace_seq_size128_time90000_p[0.2, 0.8].out",387612,547,7907,1101233,524562,100158,179721,128.021072,55699070356,33227385378
"trace_seq_size128_time9000000_p[0.2, 0.8].out",2122307,0,0,361183,771440,164794,179340,128.004898,282939,1101687
"trace_seq_size8_time9000000_p[0.2, 0.8].out",26253,8,296,29542,44669,856997,179939,11.169279,88033,301635
"trace_seq_size32_time900000_p[0.5, 0.5].out",206148,0,1035,53202,97450,716146,450345,32.056667,209048,439931
"trace_seq_size64_time90000_p[0.8, 0.2].out",123662,1,357,80231,179231,222361,720168,64.059052,24931191223,8144160523
"trace_seq_size64_time9000_p[0.5, 0.5].out",183187,37,2162,278638,442973,234078,449503,64.05838,60911331182,22118539802
"trace_seq_size16_time90000000_p[0.5, 0.5].out",58380,0,632,60083,57865,602025,449732,16.800346,102833,281656
"trace_seq_size128_time9000000_p[0.8, 0.2].out",540039,0,0,55494,283472,147776,719530,128.043121,274770,918328
"trace_seq_size64_time900000_p[0.2, 0.8].out",1036953,0,0,3611,127900,1150128,180132,63.985661,250089,765892
"trace_seq_size16_time900000_p[0.5, 0.5].out",57414,0,645,60165,58402,597095,450375,16.771227,134211,281652
"trace_seq_size8_time9000_p[0.8, 0.2].out",18323,0,173,30681,103879,68981,719325,11.1609,6920516984,665715006
