filename,Normal_page_read_count,Multi-plane_one_shot_read_count,One_shot_read_count,Multi-plane_read_count,Multi-plane_SOML_read_count,SOML_read_count,Write_request_count,Write_request_average_size,Read_request_average_response_time,Write_request_average_response_time
"trace_random_size128_time9000000_p[0.8, 0.2].out",110144,0,0,341679,142085,460526,719737,128.008774,504199,1156306
"trace_random_size64_time9000_p[0.8, 0.2].out",75164,36,32,173675,329721,311146,720106,63.9977,84183737633,37717460755
"trace_random_size8_time9000_p[0.2, 0.8].out",9667,77,26,19165,754229,304610,179519,11.167815,16780253550,3303352747
"trace_random_size16_time900000_p[0.2, 0.8].out",52731,0,0,36939,556549,564728,180108,16.774429,145985,422511
"trace_random_size32_time9000000_p[0.2, 0.8].out",109632,0,0,240767,605643,393763,180970,32.027451,188153,543301
"trace_random_size8_time900000_p[0.5, 0.5].out",21127,0,0,18038,438835,543965,450001,11.166112,144714,386267
"trace_random_size32_time9000_p[0.5, 0.5].out",67502,71,100,163121,665679,241650,449913,32.031185,44528585430,13626786460
"trace_random_size128_time9000000_p[0.2, 0.8].out",301920,0,0,1403106,97853,534764,179717,128.004257,500040,1174679
"trace_random_size8_time90000_p[0.5, 0.5].out",15304,1,5,23363,624278,352886,450113,11.167789,628809,517394
"trace_random_size64_time9000000_p[0.2, 0.8].out",191927,0,0,681285,188112,561141,180070,64.042892,306959,775173
"trace_random_size64_time9000000_p[0.5, 0.5].out",158617,0,0,411498,242037,500217,450214,63.985874,309674,772223
"trace_random_size8_time9000000_p[0.8, 0.2].out",24517,0,0,27157,456217,372649,719835,11.167713,107713,377308
"trace_random_size128_time90000_p[0.2, 0.8].out",181400,8302,2883,1394499,505714,203187,180091,128.022324,67481733065,46875471060
"trace_random_size64_time90000_p[0.8, 0.2].out",75692,6,40,173247,327943,312627,720381,64.03624,47949425857,21565895073
"trace_random_size16_time9000000_p[0.8, 0.2].out",41170,0,0,35727,419391,354260,719346,16.759941,132353,417774
"trace_random_size16_time90000000_p[0.8, 0.2].out",41152,0,0,35757,420624,353575,720102,16.768063,132831,418016
"trace_random_size64_time90000000_p[0.2, 0.8].out",191298,0,0,682612,187879,561712,179127,64.029213,307013,775937
"trace_random_size32_time90000_p[0.8, 0.2].out",52668,0,11,80622,461319,252700,719398,31.988146,17977861910,5504216791
"trace_random_size128_time900000_p[0.8, 0.2].out",109003,1,1,342307,143623,459402,719998,128.049194,713838,1211506
"trace_random_size8_time900000_p[0.8, 0.2].out",24650,0,0,27255,455876,372691,719842,11.172153,161648,377558
"trace_random_size8_time9000000_p[0.5, 0.5].out",21016,0,0,17776,439141,543758,449311,11.164676,107620,385442
"trace_random_size128_time900000_p[0.2, 0.8].out",301630,4,0,1403612,101619,530721,179527,127.967606,555456,1188191
"trace_random_size32_time90000000_p[0.5, 0.5].out",97573,0,0,147939,514492,393320,450495,32.001141,190949,544267
"trace_random_size8_time90000000_p[0.8, 0.2].out",24489,0,0,27149,455492,373359,720237,11.162965,107788,377067
"trace_random_size64_time90000_p[0.2, 0.8].out",111004,1765,1343,677188,602671,220613,180391,64.064919,20427062392,9201339369
"trace_random_size128_time90000000_p[0.5, 0.5].out",226539,0,0,861464,141064,518891,449211,128.014008,502202,1170026
"trace_random_size8_time90000_p[0.2, 0.8].out",16258,1,2,12806,520767,545651,179438,11.197726,321881,418492
"trace_random_size128_time90000_p[0.8, 0.2].out",102059,74,93,347927,237217,359552,720085,128.002029,108605778728,75617138992
"trace_random_size64_time900000_p[0.2, 0.8].out",191089,0,0,681081,190164,559481,180367,63.998028,335986,775707
"trace_random_size16_time9000000_p[0.5, 0.5].out",47915,0,0,35810,495561,492341,449979,16.772581,131784,430215
"trace_random_size64_time9000_p[0.2, 0.8].out",109795,1822,1251,676572,606849,219516,180257,63.976822,56773226383,25515655957
"trace_random_size64_time90000000_p[0.5, 0.5].out",158730,0,0,411141,241252,500071,450614,63.96666,309536,772300
"trace_random_size16_time90000000_p[0.2, 0.8].out",52595,0,0,36827,554951,565834,179411,16.766605,130347,422440
"trace_random_size64_time900000_p[0.5, 0.5].out",158448,0,0,412256,242149,499462,450034,63.980072,379324,773772
"trace_random_size64_time9000_p[0.5, 0.5].out",117495,280,356,420172,474165,288014,450330,64.013229,71871516271,32261969207
"trace_random_size16_time9000000_p[0.2, 0.8].out",52207,0,0,36341,557411,565743,179335,16.777813,130401,423830
"trace_random_size16_time90000_p[0.8, 0.2].out",31161,0,1,44215,513811,253906,719890,16.768158,4564404656,1052270536
"trace_random_size16_time9000_p[0.2, 0.8].out",26369,204,107,59886,834050,264213,180205,16.759655,21441211964,4916805989
"trace_random_size64_time900000_p[0.8, 0.2].out",87566,0,0,167218,230290,411951,719920,64.013199,414595,760119
"trace_random_size16_time90000_p[0.2, 0.8].out",42064,21,24,46410,675356,436528,179942,16.785261,420183,502139
"trace_random_size128_time900000_p[0.5, 0.5].out",224404,1,6,860739,144746,516266,449898,128.013382,638618,1205231
"trace_random_size8_time9000_p[0.5, 0.5].out",12516,24,14,25714,698251,277741,450114,11.177035,26704859689,5291962580
"trace_random_size128_time9000_p[0.8, 0.2].out",102070,140,101,347169,236901,358943,720309,128.022095,145315546949,100835249332
"trace_random_size8_time90000000_p[0.5, 0.5].out",20952,0,0,18024,437017,545275,449988,11.174069,107620,385619
"trace_random_size128_time9000_p[0.2, 0.8].out",180482,8415,2821,1392385,507768,203452,180770,128.020844,103949143645,71983786904
"trace_random_size32_time90000_p[0.2, 0.8].out",69985,293,221,251442,797103,219869,180399,32.019081,937893,1127097
"trace_random_size128_time9000_p[0.5, 0.5].out",182158,1429,806,871360,364255,307441,449809,128.036072,126353647993,87570672256
"trace_random_size32_time900000_p[0.8, 0.2].out",64923,0,0,72457,387281,328955,720394,32.033779,259653,531574
"trace_random_size16_time9000_p[0.5, 0.5].out",28673,28,41,52809,704058,268702,450960,16.778383,31732378641,7304238118
"trace_random_size16_time90000000_p[0.5, 0.5].out",47066,0,0,35899,496853,492084,450231,16.765198,131747,429501
"trace_random_size8_time9000000_p[0.2, 0.8].out",19484,0,0,9744,400122,669364,179933,11.163061,106844,372211
"trace_random_size64_time90000_p[0.5, 0.5].out",116785,154,364,421655,475556,287185,449703,64.020126,35476440913,15924634680
"trace_random_size32_time90000000_p[0.8, 0.2].out",64734,0,0,72384,387397,329851,720123,32.008244,192506,531444
"trace_random_size32_time90000_p[0.5, 0.5].out",67410,14,86,164035,664052,241777,450083,32.061535,8985293437,2743945673
"trace_random_size16_time90000_p[0.5, 0.5].out",30852,9,20,51533,684450,289297,449961,16.751667,897610,834046
"trace_random_size8_time9000_p[0.8, 0.2].out",19177,0,1,32183,568364,256189,719683,11.156047,34515806133,6849182265
"trace_random_size32_time9000000_p[0.5, 0.5].out",97584,0,0,147785,517010,392800,450066,31.999882,190919,544461
"trace_random_size128_time9000000_p[0.5, 0.5].out",226300,0,0,860974,140291,520037,449483,127.974159,502099,1170725
"trace_random_size64_time90000000_p[0.8, 0.2].out",88225,0,0,167169,230949,411557,719762,63.998981,311601,758817
"trace_random_size16_time900000_p[0.8, 0.2].out",40916,0,0,35596,420673,354566,719129,16.768288,186579,417881
"trace_random_size128_time90000_p[0.5, 0.5].out",182434,1316,818,872623,362901,306728,449576,128.039444,89881792948,62266184257
"trace_random_size32_time9000_p[0.2, 0.8].out",62308,511,290,255406,822307,192609,180352,32.018154,33114943782,10095757666
"trace_random_size32_time90000000_p[0.2, 0.8].out",110065,0,0,240454,608748,391682,179552,32.011681,188049,543550
"trace_random_size16_time9000_p[0.8, 0.2].out",31207,4,6,44309,514661,253117,720330,16.781282,39673486376,9137504972
"trace_random_size128_time90000000_p[0.2, 0.8].out",303708,0,0,1401824,97395,533306,180098,127.959946,500009,1173653
"trace_random_size64_time9000000_p[0.8, 0.2].out",88043,0,0,167116,229664,411045,719713,63.988636,311490,758157
"trace_random_size128_time90000000_p[0.8, 0.2].out",109542,0,0,342877,142527,461257,719266,128.005951,503701,1156690
"trace_random_size16_time900000_p[0.5, 0.5].out",47890,0,0,36354,498353,490655,449509,16.787197,168952,430454
"trace_random_size8_time900000_p[0.2, 0.8].out",19474,0,0,9750,400994,667998,181057,11.15909,121732,372040
"trace_random_size32_time900000_p[0.2, 0.8].out",110065,0,0,240116,609822,391779,179649,32.031483,206890,544610
"trace_random_size32_time9000000_p[0.8, 0.2].out",64320,0,0,72535,387749,328981,720394,32.055885,192578,531169
"trace_random_size8_time90000000_p[0.2, 0.8].out",19560,0,0,9730,400914,668346,180078,11.171837,106865,372581
"trace_random_size8_time90000_p[0.8, 0.2].out",19601,0,0,31991,565961,258320,719791,11.153598,1181006948,234402737
"trace_random_size32_time9000_p[0.8, 0.2].out",52186,29,8,80949,461201,252243,719802,32.016193,53470701487,16408360806
"trace_random_size32_time900000_p[0.5, 0.5].out",97683,0,0,148156,515396,392407,450266,32.057087,236870,545445
