filename,Normal_page_read_count,Multi-plane_one_shot_read_count,One_shot_read_count,Multi-plane_read_count,Multi-plane_SOML_read_count,SOML_read_count,Write_request_count,Write_request_average_size,Read_request_average_response_time,Write_request_average_response_time
"trace_seq_size8_time9000000_p[0.8, 0.2].out",56059,0,0,1171,748,232880,720243,11.18881,76985,124706
"trace_seq_size128_time9000_p[0.5, 0.5].out",418634,6250,16318,644777,302054,229627,450186,128.018936,111496965596,83482506877
"trace_seq_size32_time9000_p[0.5, 0.5].out",82153,203,1961,148956,368428,185592,450036,32.029472,31329797312,7880722867
"trace_seq_size64_time900000_p[0.5, 0.5].out",615548,0,0,730,35126,965909,450143,63.991718,304020,728687
"trace_seq_size16_time9000_p[0.8, 0.2].out",38684,2,676,39379,97691,119843,719914,16.767122,13417923349,1664523603
"trace_seq_size32_time9000000_p[0.2, 0.8].out",337501,0,229,15886,27728,1137950,179726,31.975073,148520,517082
"trace_seq_size8_time90000_p[0.5, 0.5].out",66892,0,102,16854,43323,425314,449570,11.195092,223073,232984
"trace_seq_size8_time9000_p[0.2, 0.8].out",16571,294,199,34641,227932,140106,179878,11.185891,3364243275,1199744452
"trace_seq_size128_time900000_p[0.8, 0.2].out",575071,0,20,19292,100193,364942,719521,128.010147,677610,1180473
"trace_seq_size128_time90000000_p[0.8, 0.2].out",574273,0,0,18162,99718,365833,720456,127.995102,279610,1149591
"trace_seq_size8_time90000_p[0.2, 0.8].out",44225,0,402,15193,37095,625864,180431,11.166696,134072,292711
"trace_seq_size16_time9000000_p[0.8, 0.2].out",85150,0,0,1434,1090,285658,719676,16.785879,98544,184705
"trace_seq_size128_time90000000_p[0.5, 0.5].out",1457569,0,0,60052,218690,733956,449896,127.987587,285472,1274756
"trace_seq_size128_time90000000_p[0.2, 0.8].out",2363535,0,0,120030,260320,914045,179818,128.003525,291344,1383823
"trace_seq_size32_time90000_p[0.2, 0.8].out",198569,148,584,90086,203409,497713,180356,31.986307,518234,829892
"trace_seq_size64_time9000000_p[0.2, 0.8].out",1044218,0,0,0,38322,1253644,179984,64.037712,185604,824149
"trace_seq_size32_time9000_p[0.8, 0.2].out",80249,2,1086,58398,113940,178327,719940,32.006668,30789296863,6101326939
"trace_seq_size32_time90000000_p[0.8, 0.2].out",157261,0,1,1573,2564,360010,719749,32.005428,143508,333343
"trace_seq_size128_time90000_p[0.5, 0.5].out",418498,6137,16622,644422,303389,230508,449907,127.986572,74925222320,56181408134
"trace_seq_size32_time90000_p[0.8, 0.2].out",91660,0,911,49675,95701,200805,720195,32.038818,1034127,480955
"trace_seq_size16_time90000_p[0.8, 0.2].out",72567,0,50,12574,26375,222788,720167,16.79812,484108,233000
"trace_seq_size32_time9000_p[0.2, 0.8].out",94553,2176,1769,160708,369876,231831,180480,31.983591,22379425534,6937946209
"trace_seq_size8_time9000000_p[0.5, 0.5].out",75540,0,46,9732,9636,589178,449749,11.149608,82495,187305
"trace_seq_size64_time900000_p[0.8, 0.2].out",233430,0,0,67,7522,476525,720046,63.989929,331657,613747
"trace_seq_size128_time900000_p[0.5, 0.5].out",1441776,0,244,67808,217519,719719,449564,128.003372,587718,1331883
"trace_seq_size8_time900000_p[0.5, 0.5].out",75322,0,39,9680,9596,585868,450823,11.156074,95240,186924
"trace_seq_size8_time900000_p[0.8, 0.2].out",55837,0,0,1192,714,231894,721109,11.1623,89150,124337
"trace_seq_size16_time90000000_p[0.2, 0.8].out",99941,0,437,18239,17882,994130,180143,16.835958,107321,349620
"trace_seq_size8_time90000000_p[0.8, 0.2].out",56287,0,0,1200,730,234362,719512,11.168679,77026,124732
"trace_seq_size16_time9000_p[0.2, 0.8].out",29783,787,376,59436,306685,169857,180318,16.769423,7620852598,2441345953
"trace_seq_size128_time9000_p[0.8, 0.2].out",359177,106,8051,149755,123758,240004,719969,128.007034,116218895514,81578049580
"trace_seq_size16_time9000_p[0.5, 0.5].out",38558,138,821,80533,289385,130857,450719,16.799011,13062373196,2595065456
"trace_seq_size64_time90000000_p[0.5, 0.5].out",619073,0,0,0,33358,974328,450367,64.023773,184047,726414
"trace_seq_size128_time900000_p[0.2, 0.8].out",2341072,0,399,127891,261140,897607,179873,128.00148,426329,1425674
"trace_seq_size8_time9000_p[0.5, 0.5].out",24226,92,473,50918,226015,108169,449295,11.18096,6549847102,1197774353
"trace_seq_size64_time90000000_p[0.8, 0.2].out",234228,0,0,0,7432,476553,720069,64.013161,182383,613032
"trace_seq_size32_time90000_p[0.5, 0.5].out",99109,108,2087,142412,320639,231589,449569,32.034935,1518681,955086
"trace_seq_size64_time90000000_p[0.2, 0.8].out",1043543,0,0,0,38068,1253851,180286,63.966087,185643,824016
"trace_seq_size32_time9000000_p[0.8, 0.2].out",163311,0,2,1690,2412,354468,719753,32.022396,143518,333291
"trace_seq_size32_time90000000_p[0.2, 0.8].out",337759,0,269,16058,26934,1135117,180292,32.07019,148375,517065
"trace_seq_size8_time900000_p[0.2, 0.8].out",48921,0,436,12771,17182,893321,180169,11.166296,95811,272889
"trace_seq_size16_time90000000_p[0.8, 0.2].out",85285,0,2,1450,1102,283833,720215,16.771118,98405,184452
"trace_seq_size16_time900000_p[0.2, 0.8].out",98919,0,463,18408,17428,991616,179279,16.807606,119608,349097
"trace_seq_size8_time90000_p[0.8, 0.2].out",51599,0,5,5128,9099,200313,720238,11.17118,281604,140939
"trace_seq_size8_time90000000_p[0.2, 0.8].out",48393,0,380,13160,17284,896133,180024,11.171506,88037,272636
"trace_seq_size128_time90000_p[0.8, 0.2].out",361666,59,7834,149222,124570,240542,719737,128.018936,80317725522,56121164697
"trace_seq_size32_time900000_p[0.2, 0.8].out",337102,0,275,16132,27018,1129907,180205,32.019688,173234,517427
"trace_seq_size16_time9000000_p[0.5, 0.5].out",128603,0,159,12546,10686,675522,450299,16.784006,102906,262078
"trace_seq_size32_time900000_p[0.8, 0.2].out",154151,0,3,1548,2582,360919,720319,32.031784,198407,333221
"trace_seq_size64_time9000000_p[0.8, 0.2].out",234533,0,0,0,7378,478324,719682,63.984432,182422,613245
"trace_seq_size32_time9000000_p[0.5, 0.5].out",289596,0,302,11202,18830,802398,450157,31.999844,146032,429797
"trace_seq_size128_time9000_p[0.2, 0.8].out",459776,17369,22014,1036551,359717,166201,180908,127.977478,92430093906,73640207071
"trace_seq_size64_time90000_p[0.5, 0.5].out",175391,804,6898,289546,393445,243960,450567,64.0093,23766369989,9915957504
"trace_seq_size64_time9000_p[0.2, 0.8].out",234074,6092,9238,444564,374786,210474,180116,63.964249,46888191162,21839947988
"trace_seq_size16_time9000000_p[0.2, 0.8].out",99283,0,453,18119,17342,995062,180166,16.743074,107240,348219
"trace_seq_size128_time9000000_p[0.5, 0.5].out",1458777,0,0,60585,217060,734396,449679,127.998535,285520,1274950
"trace_seq_size8_time90000000_p[0.5, 0.5].out",75271,0,41,9873,9568,589864,449248,11.161341,82552,187516
"trace_seq_size16_time900000_p[0.8, 0.2].out",85280,0,0,1479,1204,283982,719783,16.7736,120045,184532
"trace_seq_size32_time90000000_p[0.5, 0.5].out",287815,0,258,10957,19344,806374,449838,32.041325,146138,430866
"trace_seq_size64_time9000_p[0.8, 0.2].out",142314,14,2040,69875,133863,266266,719266,63.977161,60352992528,22131029524
"trace_seq_size64_time90000_p[0.2, 0.8].out",251948,5988,9158,433520,368812,223043,180337,64.032143,10976438159,5130008013
"trace_seq_size64_time9000000_p[0.5, 0.5].out",619285,0,0,0,33248,976382,449697,64.007889,184008,726624
"trace_seq_size16_time90000_p[0.5, 0.5].out",100574,0,479,33075,88796,422937,450037,16.797791,382338,381041
"trace_seq_size16_time90000_p[0.2, 0.8].out",82632,3,592,26161,65428,617025,180357,16.781456,208767,456956
"trace_seq_size128_time90000_p[0.2, 0.8].out",456868,17390,22116,1039735,360818,165511,179721,128.022141,55751207181,44699633460
"trace_seq_size128_time9000000_p[0.2, 0.8].out",2365750,0,0,120380,260268,914125,179340,128.004898,291354,1384322
"trace_seq_size8_time9000000_p[0.2, 0.8].out",48713,0,426,12744,17266,895166,179939,11.169279,88033,271930
"trace_seq_size32_time900000_p[0.5, 0.5].out",289906,0,301,11263,18834,797073,450345,32.057438,194814,430900
"trace_seq_size64_time90000_p[0.8, 0.2].out",142263,0,1932,69218,132516,267410,720168,64.05764,24325501979,8914874162
"trace_seq_size64_time9000_p[0.5, 0.5].out",170541,821,6892,293501,397256,240333,449503,64.058075,59987079933,24976079429
"trace_seq_size16_time90000000_p[0.5, 0.5].out",128596,0,159,12574,10792,675312,449732,16.800346,102833,262003
"trace_seq_size128_time9000000_p[0.8, 0.2].out",577260,0,0,18501,99952,368059,719530,128.043121,279767,1150320
"trace_seq_size64_time900000_p[0.2, 0.8].out",1039407,0,0,1091,41026,1239302,180132,63.986031,243109,827242
"trace_seq_size16_time900000_p[0.5, 0.5].out",127655,0,155,12593,10556,671209,450375,16.771139,124456,261720
"trace_seq_size8_time9000_p[0.8, 0.2].out",24461,2,367,28645,84642,85594,719325,11.16086,6905181832,667456313
