filename,Normal_page_read_count,Multi-plane_one_shot_read_count,One_shot_read_count,Multi-plane_read_count,Multi-plane_SOML_read_count,SOML_read_count,Write_request_count,Write_request_average_size,Read_request_average_response_time,Write_request_average_response_time
"trace_random_size128_time9000000_p[0.8, 0.2].out",565145,0,0,76561,275577,402270,719737,128.008774,286686,1040576
"trace_random_size64_time9000_p[0.8, 0.2].out",168524,11,318,107527,315621,363473,720106,63.99715,79778816630,33359170014
"trace_random_size8_time9000_p[0.2, 0.8].out",10918,36,39,17992,669426,390720,179519,11.167705,16776561364,3262954195
"trace_random_size16_time900000_p[0.2, 0.8].out",82752,0,0,7180,110091,1040679,180108,16.77463,139168,415782
"trace_random_size32_time9000000_p[0.2, 0.8].out",346837,0,0,6458,95299,1135513,180970,32.027451,155339,527113
"trace_random_size8_time900000_p[0.5, 0.5].out",24190,0,0,15219,284069,701300,450001,11.166186,144656,381829
"trace_random_size32_time9000_p[0.5, 0.5].out",101403,18,764,126806,581434,362948,449913,32.031208,43597785586,12898539954
"trace_random_size128_time9000000_p[0.2, 0.8].out",2146795,0,0,346775,656039,244365,179717,128.004257,284730,1056442
"trace_random_size8_time90000_p[0.5, 0.5].out",17101,1,5,21798,544952,433546,450113,11.168034,666736,473177
"trace_random_size64_time9000000_p[0.2, 0.8].out",1056658,0,0,3768,76330,1163228,180070,64.042892,185500,729830
"trace_random_size64_time9000000_p[0.5, 0.5].out",670837,0,0,8856,160354,874961,450214,63.985874,185549,726507
"trace_random_size8_time9000000_p[0.8, 0.2].out",25777,0,0,26156,393980,435634,719835,11.167713,99474,373063
"trace_random_size128_time90000_p[0.2, 0.8].out",677147,1002,14058,1161082,526798,163472,180091,128.021957,64041422101,39007777242
"trace_random_size64_time90000_p[0.8, 0.2].out",170069,0,248,106244,312342,367264,720381,64.03624,43593392791,18271502599
"trace_random_size16_time9000000_p[0.8, 0.2].out",47578,0,0,29465,320044,459724,719346,16.759941,118201,410579
"trace_random_size16_time90000000_p[0.8, 0.2].out",47669,0,0,29567,320480,459587,720102,16.768063,118552,410815
"trace_random_size64_time90000000_p[0.2, 0.8].out",1057434,0,0,3785,75802,1165310,179127,64.029213,185532,730060
"trace_random_size32_time90000_p[0.8, 0.2].out",71923,0,47,61189,406306,327215,719398,31.988323,16337844931,4832369054
"trace_random_size128_time900000_p[0.8, 0.2].out",561124,0,0,78361,276177,402628,719998,128.049515,654112,1042382
"trace_random_size8_time900000_p[0.8, 0.2].out",26266,0,0,25945,394635,434942,719842,11.172268,164479,373622
"trace_random_size8_time9000000_p[0.5, 0.5].out",24120,0,0,14896,281935,703620,449311,11.164676,99544,381130
"trace_random_size128_time900000_p[0.2, 0.8].out",2134420,0,0,354087,653372,245252,179527,127.967979,385885,1056291
"trace_random_size32_time90000000_p[0.5, 0.5].out",230696,0,0,16574,206763,830654,450495,32.001141,155268,527773
"trace_random_size8_time90000000_p[0.8, 0.2].out",25598,0,0,26170,394926,434775,720237,11.162965,99482,372865
"trace_random_size64_time90000_p[0.2, 0.8].out",313080,204,8446,530795,550586,351469,180391,64.065285,18965467948,7989523635
"trace_random_size128_time90000000_p[0.5, 0.5].out",1372575,0,0,197672,463957,377545,449211,128.014008,285932,1053343
"trace_random_size8_time90000_p[0.2, 0.8].out",20011,0,4,9111,302828,767226,179438,11.197814,346471,413206
"trace_random_size128_time90000_p[0.8, 0.2].out",368906,0,404,211766,289206,312552,720085,128.002029,98227480728,60155382755
"trace_random_size64_time900000_p[0.2, 0.8].out",1049909,0,0,7563,79281,1158581,180367,63.998028,243614,728412
"trace_random_size16_time9000000_p[0.5, 0.5].out",64667,0,0,19343,244738,759341,449979,16.772581,118234,422533
"trace_random_size64_time9000_p[0.2, 0.8].out",307720,388,8413,533683,554975,346366,180257,63.976612,55237612402,23244381915
"trace_random_size64_time90000000_p[0.5, 0.5].out",669380,0,0,9008,160060,874882,450614,63.96666,185501,726057
"trace_random_size16_time90000000_p[0.2, 0.8].out",82642,0,0,6983,106735,1043701,179411,16.766605,118265,414963
"trace_random_size64_time900000_p[0.5, 0.5].out",667437,0,0,12004,162295,870831,450034,63.980049,323994,727054
"trace_random_size64_time9000_p[0.5, 0.5].out",269771,81,3218,309158,458094,366443,450330,64.014244,69073909643,28926349177
"trace_random_size16_time9000000_p[0.2, 0.8].out",81689,0,0,7058,106879,1045355,179335,16.777813,118326,416758
"trace_random_size16_time90000_p[0.8, 0.2].out",33750,0,6,41927,474602,295081,719890,16.768354,3804422045,859179579
"trace_random_size16_time9000_p[0.2, 0.8].out",33805,58,256,52488,706643,399418,180205,16.759624,21377195281,4810922929
"trace_random_size64_time900000_p[0.8, 0.2].out",283157,0,0,12824,199228,556214,719920,64.014214,391819,712553
"trace_random_size16_time90000_p[0.2, 0.8].out",62916,10,71,25638,360052,772451,179942,16.785225,459317,484378
"trace_random_size128_time900000_p[0.5, 0.5].out",1357837,0,0,204197,463171,377518,449898,128.010101,529204,1055472
"trace_random_size8_time9000_p[0.5, 0.5].out",13484,12,14,24960,664608,311995,450114,11.176718,26409800013,5171819990
"trace_random_size128_time9000_p[0.8, 0.2].out",366225,17,375,213070,288029,311775,720309,128.025604,134860144945,82284762839
"trace_random_size8_time90000000_p[0.5, 0.5].out",24069,0,0,15155,282442,702477,449988,11.174069,99616,381908
"trace_random_size128_time9000_p[0.2, 0.8].out",682112,891,13950,1157340,526980,164459,180770,128.020035,100632116103,61258700340
"trace_random_size32_time90000_p[0.2, 0.8].out",163709,83,1318,156858,583025,527357,180399,32.019344,942530,866446
"trace_random_size128_time9000_p[0.5, 0.5].out",580172,147,5624,670179,426122,243159,449809,128.034729,119783985013,72875629082
"trace_random_size32_time900000_p[0.8, 0.2].out",114178,0,0,24000,260520,503378,720394,32.03484,260987,515121
"trace_random_size16_time9000_p[0.5, 0.5].out",32508,16,110,49186,641647,334390,450960,16.778114,31269093986,7057029165
"trace_random_size16_time90000000_p[0.5, 0.5].out",63890,0,0,19405,244118,760978,450231,16.765198,118192,422285
"trace_random_size8_time9000000_p[0.2, 0.8].out",24628,0,0,4691,115679,958775,179933,11.163061,99619,368790
"trace_random_size64_time90000_p[0.5, 0.5].out",273490,3,3114,307729,457514,369027,449703,64.021172,32802031224,13771654334
"trace_random_size32_time90000000_p[0.8, 0.2].out",114099,0,0,23803,259685,505365,720123,32.008244,155190,514507
"trace_random_size32_time90000_p[0.5, 0.5].out",103157,6,616,125893,577922,366896,450083,32.061127,8004921048,2360598000
"trace_random_size16_time90000_p[0.5, 0.5].out",37711,1,65,45166,586505,393040,449961,16.752134,880069,668518
"trace_random_size8_time9000_p[0.8, 0.2].out",19915,0,2,31593,547450,277534,719683,11.156272,33983948721,6662434564
"trace_random_size32_time9000000_p[0.5, 0.5].out",230349,0,0,16758,206385,832715,450066,31.999882,155280,528098
"trace_random_size128_time9000000_p[0.5, 0.5].out",1371896,0,0,197714,463686,377565,449483,127.974159,285958,1052262
"trace_random_size64_time90000000_p[0.8, 0.2].out",284871,0,0,12154,199237,556658,719762,63.998981,185631,712991
"trace_random_size16_time900000_p[0.8, 0.2].out",47457,0,0,29284,321181,460132,719129,16.768175,190013,410660
"trace_random_size128_time90000_p[0.5, 0.5].out",578734,200,5478,671388,426104,242414,449576,128.038589,83232803104,50667412061
"trace_random_size32_time9000_p[0.2, 0.8].out",119327,148,1943,194670,695739,380859,180352,32.01775,32517442615,9590412605
"trace_random_size32_time90000000_p[0.2, 0.8].out",346844,0,0,6645,94756,1136516,179552,32.011681,155312,527440
"trace_random_size16_time9000_p[0.8, 0.2].out",33833,5,13,42014,475788,293929,720330,16.780977,38923831270,8790574404
"trace_random_size128_time90000000_p[0.2, 0.8].out",2146575,0,0,345792,655266,244630,180098,127.959946,284653,1057301
"trace_random_size64_time9000000_p[0.8, 0.2].out",284410,0,0,11968,198182,556456,719713,63.988636,185561,711914
"trace_random_size128_time90000000_p[0.8, 0.2].out",565917,0,0,76799,277234,402329,719266,128.005951,286702,1041438
"trace_random_size16_time900000_p[0.5, 0.5].out",64878,0,0,19679,246854,758526,449509,16.786852,168531,423463
"trace_random_size8_time900000_p[0.2, 0.8].out",24476,0,0,4822,118561,955280,181057,11.159227,117871,369537
"trace_random_size32_time900000_p[0.2, 0.8].out",345547,0,0,7606,97905,1133233,179649,32.031864,185196,528517
"trace_random_size32_time9000000_p[0.8, 0.2].out",114120,0,0,23513,260523,504448,720394,32.055885,155298,514743
"trace_random_size8_time90000000_p[0.2, 0.8].out",24674,0,0,4701,115879,958319,180078,11.171837,99648,369411
"trace_random_size8_time90000_p[0.8, 0.2].out",20485,0,0,31351,543675,280998,719791,11.153605,803485620,157554285
"trace_random_size32_time9000_p[0.8, 0.2].out",71697,4,85,61179,407036,326359,719802,32.016003,51950913955,15402805794
"trace_random_size32_time900000_p[0.5, 0.5].out",230137,0,0,17439,207459,829324,450266,32.056561,227046,528702
