filename,Normal_page_read_count,Multi-plane_one_shot_read_count,One_shot_read_count,Multi-plane_read_count,Multi-plane_SOML_read_count,SOML_read_count,Write_request_count,Write_request_average_size,Read_request_average_response_time,Write_request_average_response_time
"trace_seq_size8_time9000000_p[0.8, 0.2].out",48885,0,12,6383,28912,201435,720243,11.18881,79010,125990
"trace_seq_size128_time9000_p[0.5, 0.5].out",120959,131,109,847063,346783,168177,450186,128.022369,108967756300,47634446236
"trace_seq_size32_time9000_p[0.5, 0.5].out",52608,9,239,168926,436964,111338,450036,32.028896,30817351875,7432708367
"trace_seq_size64_time900000_p[0.5, 0.5].out",113124,0,0,414807,93417,581641,450143,63.991581,340282,680958
"trace_seq_size16_time9000_p[0.8, 0.2].out",24534,0,31,45950,160860,59527,719914,16.767479,13157048396,1629176715
"trace_seq_size32_time9000000_p[0.2, 0.8].out",198468,1,60,152744,376926,654587,179726,31.975073,165340,495693
"trace_seq_size8_time90000_p[0.5, 0.5].out",49725,3,309,29130,133025,324534,449570,11.195313,220366,269711
"trace_seq_size8_time9000_p[0.2, 0.8].out",12470,11,69,36526,271186,101718,179878,11.185952,3162234913,1086880799
"trace_seq_size128_time900000_p[0.8, 0.2].out",45734,0,0,342438,28444,319895,719521,128.013672,590853,836627
"trace_seq_size128_time90000000_p[0.8, 0.2].out",45208,0,0,340985,28850,320120,720456,127.995102,339610,743102
"trace_seq_size8_time90000_p[0.2, 0.8].out",34817,1,98,22346,150506,495025,180431,11.166552,138899,347383
"trace_seq_size16_time9000000_p[0.8, 0.2].out",73739,0,6,9935,57284,223860,719676,16.785879,102957,186385
"trace_seq_size128_time90000000_p[0.5, 0.5].out",111832,0,0,872301,92044,581841,449896,127.987587,342324,824430
"trace_seq_size128_time90000000_p[0.2, 0.8].out",180413,0,0,1422261,76548,676478,179818,128.003525,345227,884792
"trace_seq_size32_time90000_p[0.2, 0.8].out",125092,0,81,150152,317304,324663,180356,31.986002,517586,804951
"trace_seq_size64_time9000000_p[0.2, 0.8].out",180198,0,0,697846,74130,686168,179984,64.037712,254186,686161
"trace_seq_size32_time9000_p[0.8, 0.2].out",49046,0,37,79871,200785,82545,719940,32.006828,30213189644,5952749099
"trace_seq_size32_time90000000_p[0.8, 0.2].out",121556,0,13,31834,101680,236044,719749,32.005428,157794,332911
"trace_seq_size128_time90000_p[0.5, 0.5].out",121350,3,78,847442,348704,167570,449907,127.986649,72434217474,31689101002
"trace_seq_size32_time90000_p[0.8, 0.2].out",60228,0,20,70692,180472,107530,720195,32.039246,947472,494206
"trace_seq_size16_time90000_p[0.8, 0.2].out",58471,0,12,21525,89418,155138,720167,16.797335,440299,258213
"trace_seq_size32_time9000_p[0.2, 0.8].out",48944,6,121,198691,471968,118822,180480,31.983274,21439801293,6137621919
"trace_seq_size8_time9000000_p[0.5, 0.5].out",62348,0,337,19829,96273,494676,449749,11.149608,84936,189431
"trace_seq_size64_time900000_p[0.8, 0.2].out",45467,0,0,158684,31489,322693,720046,63.989906,357993,597015
"trace_seq_size128_time900000_p[0.5, 0.5].out",113009,0,0,870787,96599,565137,449564,128.003372,533101,871991
"trace_seq_size8_time900000_p[0.5, 0.5].out",62174,1,325,19731,96808,490868,450823,11.155958,97765,191167
"trace_seq_size8_time900000_p[0.8, 0.2].out",48619,0,16,6438,28902,200346,721109,11.161826,90923,125813
"trace_seq_size16_time90000000_p[0.2, 0.8].out",84500,0,110,34190,265132,731426,180143,16.835958,112893,344441
"trace_seq_size8_time90000000_p[0.8, 0.2].out",49132,0,13,6443,29294,202430,719512,11.168679,79070,126010
"trace_seq_size16_time9000_p[0.2, 0.8].out",20212,4,69,66653,373679,106175,180318,16.769558,7159269608,2174206162
"trace_seq_size128_time9000_p[0.8, 0.2].out",60614,42,4,334982,123273,195310,719969,128.012589,113928508177,48503285048
"trace_seq_size16_time9000_p[0.5, 0.5].out",27060,16,219,85054,339475,84791,450719,16.798779,12948377015,2535830508
"trace_seq_size64_time90000000_p[0.5, 0.5].out",112782,0,0,417000,89052,590928,450367,64.023773,249274,632370
"trace_seq_size128_time900000_p[0.2, 0.8].out",179494,0,0,1420382,79658,659644,179873,128.001373,429994,915007
"trace_seq_size8_time9000_p[0.5, 0.5].out",17674,10,167,52670,262701,75291,449295,11.18077,6523478646,1187446072
"trace_seq_size64_time90000000_p[0.8, 0.2].out",45015,0,0,159246,30118,324590,720069,64.013161,244383,564314
"trace_seq_size32_time90000_p[0.5, 0.5].out",68742,14,224,163134,390145,154809,449569,32.034119,1206062,850112
"trace_seq_size64_time90000000_p[0.2, 0.8].out",180081,0,0,697606,73754,686422,180286,63.966087,254178,686660
"trace_seq_size32_time9000000_p[0.8, 0.2].out",126980,0,12,32363,101316,230521,719753,32.022396,157889,332803
"trace_seq_size32_time90000000_p[0.2, 0.8].out",199539,1,69,152052,376398,652493,180292,32.07019,165087,494678
"trace_seq_size8_time900000_p[0.2, 0.8].out",43385,0,145,17995,165512,740933,180169,11.166247,99020,276741
"trace_seq_size16_time90000000_p[0.8, 0.2].out",73978,0,11,9874,56718,222651,720215,16.771118,102811,186147
"trace_seq_size16_time900000_p[0.2, 0.8].out",83914,0,118,33955,266885,727222,179279,16.807642,124856,351868
"trace_seq_size8_time90000_p[0.8, 0.2].out",42105,0,19,11661,48945,156661,720238,11.171297,262211,159709
"trace_seq_size8_time90000000_p[0.2, 0.8].out",43605,0,104,17750,165567,744308,180024,11.171506,90913,272341
"trace_seq_size128_time90000_p[0.8, 0.2].out",60963,0,1,335098,124607,195366,719737,128.01947,78016597988,33072547196
"trace_seq_size32_time900000_p[0.2, 0.8].out",197457,0,60,153036,376500,646963,180205,32.019718,187203,513987
"trace_seq_size16_time9000000_p[0.5, 0.5].out",105056,0,317,31981,162156,508256,450299,16.784006,107919,262579
"trace_seq_size32_time900000_p[0.8, 0.2].out",118574,0,7,31850,101662,236649,720319,32.0326,205803,344295
"trace_seq_size64_time9000000_p[0.8, 0.2].out",44894,0,0,159726,30676,325214,719682,63.984432,244430,564157
"trace_seq_size32_time9000000_p[0.5, 0.5].out",194881,0,271,95321,258818,488986,450157,31.999844,161601,420165
"trace_seq_size128_time9000_p[0.2, 0.8].out",106667,429,468,1371083,274218,97530,180908,127.97789,90654707211,41635799099
"trace_seq_size64_time90000_p[0.5, 0.5].out",80374,2,107,382920,411054,155906,450567,64.008904,22664603111,7900883206
"trace_seq_size64_time9000_p[0.2, 0.8].out",84120,28,536,609431,366383,96885,180116,63.964809,45745297969,16605565773
"trace_seq_size16_time9000000_p[0.2, 0.8].out",83693,0,104,34153,265856,731134,180166,16.743074,112819,342535
"trace_seq_size128_time9000000_p[0.5, 0.5].out",112503,0,0,872633,92404,581234,449679,127.998535,342471,824597
"trace_seq_size8_time90000000_p[0.5, 0.5].out",62189,0,287,19955,97082,494538,449248,11.161341,85009,189688
"trace_seq_size16_time900000_p[0.8, 0.2].out",73969,0,5,9953,56886,222600,719783,16.774063,123046,187693
"trace_seq_size32_time90000000_p[0.5, 0.5].out",192767,0,271,95367,259532,492381,449838,32.041325,161728,420840
"trace_seq_size64_time9000_p[0.8, 0.2].out",43585,3,2,155178,174923,158483,719266,63.977142,59256319029,19583070917
"trace_seq_size64_time90000_p[0.2, 0.8].out",91147,20,503,605834,361915,103081,180337,64.031593,9858100010,3599664170
"trace_seq_size64_time9000000_p[0.5, 0.5].out",112929,0,0,417620,88832,591917,449697,64.007889,249225,632844
"trace_seq_size16_time90000_p[0.5, 0.5].out",73393,2,271,52244,205439,289591,450037,16.797848,369359,403718
"trace_seq_size16_time90000_p[0.2, 0.8].out",59196,1,93,43048,204563,446470,180357,16.781361,213832,570771
"trace_seq_size128_time90000_p[0.2, 0.8].out",106614,490,478,1372923,274090,97729,179721,128.021179,53981209229,24422500478
"trace_seq_size128_time9000000_p[0.2, 0.8].out",180299,0,0,1423610,76010,677375,179340,128.004898,345348,884510
"trace_seq_size8_time9000000_p[0.2, 0.8].out",43496,1,114,17783,164393,744130,179939,11.169279,90891,271106
"trace_seq_size32_time900000_p[0.5, 0.5].out",193757,0,278,96083,259198,483224,450345,32.056694,205148,445920
"trace_seq_size64_time90000_p[0.8, 0.2].out",43230,0,0,154282,174267,159327,720168,64.059052,23225509816,7666281776
"trace_seq_size64_time9000_p[0.5, 0.5].out",79390,17,118,384042,414661,154417,449503,64.05854,58873337368,20460153716
"trace_seq_size16_time90000000_p[0.5, 0.5].out",104851,0,327,32263,161928,508047,449732,16.800346,107859,262586
"trace_seq_size128_time9000000_p[0.8, 0.2].out",45224,0,0,342887,29236,322040,719530,128.043121,339434,743174
"trace_seq_size64_time900000_p[0.2, 0.8].out",179656,0,0,695445,75648,676503,180132,63.986042,296105,716012
"trace_seq_size16_time900000_p[0.5, 0.5].out",104589,0,349,31822,161766,503890,450375,16.770916,129183,268929
"trace_seq_size8_time9000_p[0.8, 0.2].out",16969,0,40,31838,124935,47316,719325,11.161003,6775591681,654807969
