filename,Normal_page_read_count,Multi-plane_one_shot_read_count,One_shot_read_count,Multi-plane_read_count,Multi-plane_SOML_read_count,SOML_read_count,Write_request_count,Write_request_average_size,Read_request_average_response_time,Write_request_average_response_time
"trace_random_size128_time9000000_p[0.8, 0.2].out",110144,0,0,341679,142085,460526,719737,128.008774,504199,1156306
"trace_random_size64_time9000_p[0.8, 0.2].out",75181,39,108,173565,329766,311058,720106,63.997528,84195246918,37722611839
"trace_random_size8_time9000_p[0.2, 0.8].out",9596,81,951,19160,753771,302351,179519,11.167815,16801400046,3307369770
"trace_random_size16_time900000_p[0.2, 0.8].out",52731,0,0,36939,556549,564728,180108,16.774429,145985,422511
"trace_random_size32_time9000000_p[0.2, 0.8].out",109632,0,0,240767,605643,393763,180970,32.027451,188153,543301
"trace_random_size8_time900000_p[0.5, 0.5].out",21127,0,0,18038,438835,543965,450001,11.166112,144714,386267
"trace_random_size32_time9000_p[0.5, 0.5].out",67245,78,402,163160,665424,241136,449913,32.031185,44545946897,13632153231
"trace_random_size128_time9000000_p[0.2, 0.8].out",301920,0,0,1403106,97853,534764,179717,128.004257,500040,1174679
"trace_random_size8_time90000_p[0.5, 0.5].out",15307,1,128,23358,624248,352554,450113,11.167789,628876,517447
"trace_random_size64_time9000000_p[0.2, 0.8].out",191927,0,0,681285,188112,561141,180070,64.042892,306959,775173
"trace_random_size64_time9000000_p[0.5, 0.5].out",158617,0,0,411498,242037,500217,450214,63.985874,309674,772223
"trace_random_size8_time9000000_p[0.8, 0.2].out",24517,0,0,27157,456217,372649,719835,11.167713,107713,377308
"trace_random_size128_time90000_p[0.2, 0.8].out",179027,8377,4886,1393704,506676,199730,180091,128.023712,67449553461,46853081021
"trace_random_size64_time90000_p[0.8, 0.2].out",75701,9,118,173137,328090,312439,720381,64.03624,47957687724,21569605886
"trace_random_size16_time9000000_p[0.8, 0.2].out",41170,0,0,35727,419391,354260,719346,16.759941,132353,417774
"trace_random_size16_time90000000_p[0.8, 0.2].out",41152,0,0,35757,420624,353575,720102,16.768063,132831,418016
"trace_random_size64_time90000000_p[0.2, 0.8].out",191298,0,0,682612,187879,561712,179127,64.029213,307013,775937
"trace_random_size32_time90000_p[0.8, 0.2].out",52678,0,34,80619,461400,252545,719398,31.988146,17962727662,5499586463
"trace_random_size128_time900000_p[0.8, 0.2].out",108996,1,6,342307,143623,459394,719998,128.049194,713838,1211506
"trace_random_size8_time900000_p[0.8, 0.2].out",24650,0,0,27255,455876,372691,719842,11.172153,161648,377558
"trace_random_size8_time9000000_p[0.5, 0.5].out",21016,0,0,17776,439141,543758,449311,11.164676,107620,385442
"trace_random_size128_time900000_p[0.2, 0.8].out",301629,4,1,1403612,101619,530719,179527,127.967606,555456,1188191
"trace_random_size32_time90000000_p[0.5, 0.5].out",97573,0,0,147939,514492,393320,450495,32.001141,190949,544267
"trace_random_size8_time90000000_p[0.8, 0.2].out",24489,0,0,27149,455492,373359,720237,11.162965,107788,377067
"trace_random_size64_time90000_p[0.2, 0.8].out",109443,1784,3445,677047,602795,215913,180391,64.065437,20416007395,9196355315
"trace_random_size128_time90000000_p[0.5, 0.5].out",226539,0,0,861464,141064,518891,449211,128.014008,502202,1170026
"trace_random_size8_time90000_p[0.2, 0.8].out",16252,1,76,12807,520762,545438,179438,11.197726,321919,418495
"trace_random_size128_time90000_p[0.8, 0.2].out",101884,76,210,347873,237025,359664,720085,128.002029,108612075723,75621520702
"trace_random_size64_time900000_p[0.2, 0.8].out",191089,0,0,681081,190164,559481,180367,63.998028,335986,775707
"trace_random_size16_time9000000_p[0.5, 0.5].out",47915,0,0,35810,495561,492341,449979,16.772581,131784,430215
"trace_random_size64_time9000_p[0.2, 0.8].out",108606,1835,3434,676626,605780,215041,180257,63.976593,56762964239,25511046499
"trace_random_size64_time90000000_p[0.5, 0.5].out",158730,0,0,411141,241252,500071,450614,63.96666,309536,772300
"trace_random_size16_time90000000_p[0.2, 0.8].out",52595,0,0,36827,554951,565834,179411,16.766605,130347,422440
"trace_random_size64_time900000_p[0.5, 0.5].out",158448,0,0,412256,242149,499462,450034,63.980072,379324,773772
"trace_random_size64_time9000_p[0.5, 0.5].out",117027,307,1161,420140,474441,285692,450330,64.013229,71852962294,32253650523
"trace_random_size16_time9000000_p[0.2, 0.8].out",52207,0,0,36341,557411,565743,179335,16.777813,130401,423830
"trace_random_size16_time90000_p[0.8, 0.2].out",31224,0,18,44168,514012,253685,719890,16.768158,4556811303,1050521802
"trace_random_size16_time9000_p[0.2, 0.8].out",26223,212,1215,59843,833165,261955,180205,16.759655,21469314010,4923173248
"trace_random_size64_time900000_p[0.8, 0.2].out",87566,0,0,167218,230290,411951,719920,64.013199,414595,760119
"trace_random_size16_time90000_p[0.2, 0.8].out",42021,21,290,46401,675327,435820,179942,16.785261,420336,502147
"trace_random_size128_time900000_p[0.5, 0.5].out",224400,1,10,860739,144746,516258,449898,128.013382,638618,1205231
"trace_random_size8_time9000_p[0.5, 0.5].out",12531,28,423,25689,698039,276736,450114,11.177035,26727443165,5296413262
"trace_random_size128_time9000_p[0.8, 0.2].out",101963,115,220,347176,236918,358811,720309,128.023239,145313621611,100833911979
"trace_random_size8_time90000000_p[0.5, 0.5].out",20952,0,0,18024,437017,545275,449988,11.174069,107620,385619
"trace_random_size128_time9000_p[0.2, 0.8].out",178417,8551,4829,1391556,508299,199809,180770,128.021164,103950181558,71984521446
"trace_random_size32_time90000_p[0.2, 0.8].out",69722,283,869,251414,797254,218153,180399,32.019466,937833,1127508
"trace_random_size128_time9000_p[0.5, 0.5].out",181917,1460,1508,870831,364953,305751,449809,128.036072,126345558306,87565065153
"trace_random_size32_time900000_p[0.8, 0.2].out",64923,0,0,72457,387281,328955,720394,32.033779,259653,531574
"trace_random_size16_time9000_p[0.5, 0.5].out",28701,42,479,52759,704373,267061,450960,16.778383,31736636868,7305220470
"trace_random_size16_time90000000_p[0.5, 0.5].out",47066,0,0,35899,496853,492084,450231,16.765198,131747,429501
"trace_random_size8_time9000000_p[0.2, 0.8].out",19484,0,0,9744,400122,669364,179933,11.163061,106844,372211
"trace_random_size64_time90000_p[0.5, 0.5].out",116047,160,1024,421944,474588,286298,449703,64.020126,35494566394,15932780306
"trace_random_size32_time90000000_p[0.8, 0.2].out",64734,0,0,72384,387397,329851,720123,32.008244,192506,531444
"trace_random_size32_time90000_p[0.5, 0.5].out",67205,20,341,164052,664104,241095,450083,32.061535,8970740826,2739504611
"trace_random_size16_time90000_p[0.5, 0.5].out",30839,9,253,51520,684428,288659,449961,16.751667,897909,834154
"trace_random_size8_time9000_p[0.8, 0.2].out",19127,0,34,32231,568518,255888,719683,11.156047,34502147059,6846476275
"trace_random_size32_time9000000_p[0.5, 0.5].out",97584,0,0,147785,517010,392800,450066,31.999882,190919,544461
"trace_random_size128_time9000000_p[0.5, 0.5].out",226300,0,0,860974,140291,520037,449483,127.974159,502099,1170725
"trace_random_size64_time90000000_p[0.8, 0.2].out",88225,0,0,167169,230949,411557,719762,63.998981,311601,758817
"trace_random_size16_time900000_p[0.8, 0.2].out",40916,0,0,35596,420673,354566,719129,16.768288,186579,417881
"trace_random_size128_time90000_p[0.5, 0.5].out",181945,1313,1429,872322,363705,305201,449576,128.038483,89850377463,62244405930
"trace_random_size32_time9000_p[0.2, 0.8].out",62108,546,1231,255285,822116,190211,180352,32.018085,33117008240,10096382677
"trace_random_size32_time90000000_p[0.2, 0.8].out",110065,0,0,240454,608748,391682,179552,32.011681,188049,543550
"trace_random_size16_time9000_p[0.8, 0.2].out",31153,3,48,44342,514609,253037,720330,16.781282,39675208633,9137902193
"trace_random_size128_time90000000_p[0.2, 0.8].out",303708,0,0,1401824,97395,533306,180098,127.959946,500009,1173653
"trace_random_size64_time9000000_p[0.8, 0.2].out",88043,0,0,167116,229664,411045,719713,63.988636,311490,758157
"trace_random_size128_time90000000_p[0.8, 0.2].out",109542,0,0,342877,142527,461257,719266,128.005951,503701,1156690
"trace_random_size16_time900000_p[0.5, 0.5].out",47890,0,0,36354,498353,490655,449509,16.787197,168952,430454
"trace_random_size8_time900000_p[0.2, 0.8].out",19474,0,0,9750,400994,667998,181057,11.15909,121732,372040
"trace_random_size32_time900000_p[0.2, 0.8].out",110065,0,0,240116,609822,391779,179649,32.031483,206890,544610
"trace_random_size32_time9000000_p[0.8, 0.2].out",64320,0,0,72535,387749,328981,720394,32.055885,192578,531169
"trace_random_size8_time90000000_p[0.2, 0.8].out",19560,0,0,9730,400914,668346,180078,11.171837,106865,372581
"trace_random_size8_time90000_p[0.8, 0.2].out",19614,0,14,31985,565973,258265,719791,11.153598,1182043087,234607986
"trace_random_size32_time9000_p[0.8, 0.2].out",52151,25,41,80999,461060,252244,719802,32.016193,53467101226,16407253727
"trace_random_size32_time900000_p[0.5, 0.5].out",97683,0,0,148156,515396,392407,450266,32.057087,236870,545445
