filename,Normal_page_read_count,Multi-plane_one_shot_read_count,One_shot_read_count,Multi-plane_read_count,Multi-plane_SOML_read_count,SOML_read_count,Write_request_count,Write_request_average_size,Read_request_average_response_time,Write_request_average_response_time
"trace_random_size128_time9000000_p[0.8, 0.2].out",565145,0,0,76561,275577,402270,719737,128.008774,286686,1040576
"trace_random_size64_time9000_p[0.8, 0.2].out",168421,17,599,107431,316019,362491,720106,63.99715,79764008779,33352975749
"trace_random_size8_time9000_p[0.2, 0.8].out",10824,44,1762,17999,667299,387707,179519,11.167705,16820936488,3271312701
"trace_random_size16_time900000_p[0.2, 0.8].out",82752,0,0,7180,110091,1040679,180108,16.77463,139168,415782
"trace_random_size32_time9000000_p[0.2, 0.8].out",346837,0,0,6458,95299,1135513,180970,32.027451,155339,527113
"trace_random_size8_time900000_p[0.5, 0.5].out",24190,0,0,15219,284069,701300,450001,11.166186,144656,381829
"trace_random_size32_time9000_p[0.5, 0.5].out",100682,27,2931,126641,581746,357129,449913,32.031006,43611932650,12902789755
"trace_random_size128_time9000000_p[0.2, 0.8].out",2146795,0,0,346775,656039,244365,179717,128.004257,284730,1056442
"trace_random_size8_time90000_p[0.5, 0.5].out",17088,1,289,21796,544914,432749,450113,11.168034,666966,473191
"trace_random_size64_time9000000_p[0.2, 0.8].out",1056658,0,0,3768,76330,1163228,180070,64.042892,185500,729830
"trace_random_size64_time9000000_p[0.5, 0.5].out",670837,0,0,8856,160354,874961,450214,63.985874,185549,726507
"trace_random_size8_time9000000_p[0.8, 0.2].out",25777,0,0,26156,393980,435634,719835,11.167713,99474,373063
"trace_random_size128_time90000_p[0.2, 0.8].out",673478,960,17738,1160125,527198,157867,180091,128.023163,64070949553,39025801513
"trace_random_size64_time90000_p[0.8, 0.2].out",169806,0,503,106156,312753,366528,720381,64.036179,43580001339,18265884306
"trace_random_size16_time9000000_p[0.8, 0.2].out",47578,0,0,29465,320044,459724,719346,16.759941,118201,410579
"trace_random_size16_time90000000_p[0.8, 0.2].out",47669,0,0,29567,320480,459587,720102,16.768063,118552,410815
"trace_random_size64_time90000000_p[0.2, 0.8].out",1057434,0,0,3785,75802,1165310,179127,64.029213,185532,730060
"trace_random_size32_time90000_p[0.8, 0.2].out",71947,0,234,61150,406057,326958,719398,31.988323,16345380623,4834593851
"trace_random_size128_time900000_p[0.8, 0.2].out",561124,0,0,78361,276177,402628,719998,128.049515,654112,1042382
"trace_random_size8_time900000_p[0.8, 0.2].out",26266,0,0,25945,394635,434942,719842,11.172268,164479,373622
"trace_random_size8_time9000000_p[0.5, 0.5].out",24120,0,0,14896,281935,703620,449311,11.164676,99544,381130
"trace_random_size128_time900000_p[0.2, 0.8].out",2134420,0,0,354087,653372,245252,179527,127.967979,385885,1056291
"trace_random_size32_time90000000_p[0.5, 0.5].out",230696,0,0,16574,206763,830654,450495,32.001141,155268,527773
"trace_random_size8_time90000000_p[0.8, 0.2].out",25598,0,0,26170,394926,434775,720237,11.162965,99482,372865
"trace_random_size64_time90000_p[0.2, 0.8].out",307629,209,15802,529410,551078,337103,180391,64.065552,18985880365,7998113944
"trace_random_size128_time90000000_p[0.5, 0.5].out",1372575,0,0,197672,463957,377545,449211,128.014008,285932,1053343
"trace_random_size8_time90000_p[0.2, 0.8].out",20003,0,184,9110,302796,766728,179438,11.197814,346591,413212
"trace_random_size128_time90000_p[0.8, 0.2].out",368980,0,433,211677,289262,312513,720085,128.002029,98226424978,60154761982
"trace_random_size64_time900000_p[0.2, 0.8].out",1049909,0,0,7563,79281,1158581,180367,63.998028,243614,728412
"trace_random_size16_time9000000_p[0.5, 0.5].out",64667,0,0,19343,244738,759341,449979,16.772581,118234,422533
"trace_random_size64_time9000_p[0.2, 0.8].out",302039,377,16002,532267,554840,332307,180257,63.97657,55284076074,23263896641
"trace_random_size64_time90000000_p[0.5, 0.5].out",669380,0,0,9008,160060,874882,450614,63.96666,185501,726057
"trace_random_size16_time90000000_p[0.2, 0.8].out",82642,0,0,6983,106735,1043701,179411,16.766605,118265,414963
"trace_random_size64_time900000_p[0.5, 0.5].out",667437,0,0,12004,162295,870831,450034,63.980049,323994,727054
"trace_random_size64_time9000_p[0.5, 0.5].out",266654,73,6353,309131,457597,360754,450330,64.012932,69072813335,28925874138
"trace_random_size16_time9000000_p[0.2, 0.8].out",81689,0,0,7058,106879,1045355,179335,16.777813,118326,416758
"trace_random_size16_time90000_p[0.8, 0.2].out",33784,0,85,41900,474599,294867,719890,16.768354,3795865755,857246555
"trace_random_size16_time9000_p[0.2, 0.8].out",33648,66,3243,52263,705403,392257,180205,16.759624,21417458463,4819834408
"trace_random_size64_time900000_p[0.8, 0.2].out",283157,0,0,12824,199228,556214,719920,64.014214,391819,712553
"trace_random_size16_time90000_p[0.2, 0.8].out",62782,11,856,25647,359940,770318,179942,16.785225,459838,484432
"trace_random_size128_time900000_p[0.5, 0.5].out",1357837,0,0,204197,463171,377518,449898,128.010101,529204,1055472
"trace_random_size8_time9000_p[0.5, 0.5].out",13471,21,740,24945,663788,310626,450114,11.176718,26426016346,5174944191
"trace_random_size128_time9000_p[0.8, 0.2].out",365914,51,457,213021,287876,311887,720309,128.025604,134853039536,82280426013
"trace_random_size8_time90000000_p[0.5, 0.5].out",24069,0,0,15155,282442,702477,449988,11.174069,99616,381908
"trace_random_size128_time9000_p[0.2, 0.8].out",672877,1014,18026,1157952,527649,158840,180770,128.020477,100606378600,61243007387
"trace_random_size32_time90000_p[0.2, 0.8].out",162095,79,4849,156771,582892,518708,180399,32.019344,946306,868241
"trace_random_size128_time9000_p[0.5, 0.5].out",579217,166,6862,669186,426802,241588,449809,128.034409,119818671768,72896765371
"trace_random_size32_time900000_p[0.8, 0.2].out",114178,0,0,24000,260520,503378,720394,32.03484,260987,515121
"trace_random_size16_time9000_p[0.5, 0.5].out",32533,20,1359,48960,641284,331404,450960,16.778292,31287715169,7061191932
"trace_random_size16_time90000000_p[0.5, 0.5].out",63890,0,0,19405,244118,760978,450231,16.765198,118192,422285
"trace_random_size8_time9000000_p[0.2, 0.8].out",24628,0,0,4691,115679,958775,179933,11.163061,99619,368790
"trace_random_size64_time90000_p[0.5, 0.5].out",270936,8,5963,307560,458531,362323,449703,64.02018,32829360365,13783127500
"trace_random_size32_time90000000_p[0.8, 0.2].out",114099,0,0,23803,259685,505365,720123,32.008244,155190,514507
"trace_random_size32_time90000_p[0.5, 0.5].out",102925,4,2451,125414,577388,363127,450083,32.061398,8037695257,2370274273
"trace_random_size16_time90000_p[0.5, 0.5].out",37589,1,950,45152,586240,390800,449961,16.752134,880920,668708
"trace_random_size8_time9000_p[0.8, 0.2].out",19967,0,70,31530,547618,277234,719683,11.156272,33977873816,6661244872
"trace_random_size32_time9000000_p[0.5, 0.5].out",230349,0,0,16758,206385,832715,450066,31.999882,155280,528098
"trace_random_size128_time9000000_p[0.5, 0.5].out",1371896,0,0,197714,463686,377565,449483,127.974159,285958,1052262
"trace_random_size64_time90000000_p[0.8, 0.2].out",284871,0,0,12154,199237,556658,719762,63.998981,185631,712991
"trace_random_size16_time900000_p[0.8, 0.2].out",47457,0,0,29284,321181,460132,719129,16.768175,190013,410660
"trace_random_size128_time90000_p[0.5, 0.5].out",578438,205,6853,670005,426327,241098,449576,128.040939,83254997159,50680891779
"trace_random_size32_time9000_p[0.2, 0.8].out",117611,184,7264,193873,693423,370304,180352,32.017899,32582873117,9609675525
"trace_random_size32_time90000000_p[0.2, 0.8].out",346844,0,0,6645,94756,1136516,179552,32.011681,155312,527440
"trace_random_size16_time9000_p[0.8, 0.2].out",33839,2,169,41990,475593,293716,720330,16.780977,38929410768,8791826215
"trace_random_size128_time90000000_p[0.2, 0.8].out",2146575,0,0,345792,655266,244630,180098,127.959946,284653,1057301
"trace_random_size64_time9000000_p[0.8, 0.2].out",284410,0,0,11968,198182,556456,719713,63.988636,185561,711914
"trace_random_size128_time90000000_p[0.8, 0.2].out",565917,0,0,76799,277234,402329,719266,128.005951,286702,1041438
"trace_random_size16_time900000_p[0.5, 0.5].out",64878,0,0,19679,246854,758526,449509,16.786852,168531,423463
"trace_random_size8_time900000_p[0.2, 0.8].out",24476,0,0,4822,118561,955280,181057,11.159227,117871,369537
"trace_random_size32_time900000_p[0.2, 0.8].out",345547,0,0,7606,97905,1133233,179649,32.031864,185196,528517
"trace_random_size32_time9000000_p[0.8, 0.2].out",114120,0,0,23513,260523,504448,720394,32.055885,155298,514743
"trace_random_size8_time90000000_p[0.2, 0.8].out",24674,0,0,4701,115879,958319,180078,11.171837,99648,369411
"trace_random_size8_time90000_p[0.8, 0.2].out",20476,0,43,31359,543584,280953,719791,11.153605,803492245,157556095
"trace_random_size32_time9000_p[0.8, 0.2].out",71452,4,306,61306,406933,325790,719802,32.016003,51930426095,15396748003
"trace_random_size32_time900000_p[0.5, 0.5].out",230137,0,0,17439,207459,829324,450266,32.056561,227046,528702
