filename,Normal_page_read_count,Multi-plane_one_shot_read_count,One_shot_read_count,Multi-plane_read_count,Multi-plane_SOML_read_count,SOML_read_count,Write_request_count,Write_request_average_size,Read_request_average_response_time,Write_request_average_response_time
"trace_random_size128_time9000000_p[0.8, 0.2].out",598437,0,0,43665,207379,502968,719737,128.008774,291505,1040930
"trace_random_size64_time9000_p[0.8, 0.2].out",168872,7,564,107175,314714,364022,720106,63.99715,79781542127,33360342888
"trace_random_size8_time9000_p[0.2, 0.8].out",10851,35,1719,17998,667749,387410,179519,11.167743,16821304236,3271389374
"trace_random_size16_time900000_p[0.2, 0.8].out",82552,0,0,7366,109944,1040654,180108,16.77463,139189,415726
"trace_random_size32_time9000000_p[0.2, 0.8].out",346731,0,0,6564,95181,1135525,180970,32.027451,155339,527069
"trace_random_size8_time900000_p[0.5, 0.5].out",24247,0,0,15131,284908,700580,450001,11.166186,144619,381799
"trace_random_size32_time9000_p[0.5, 0.5].out",100717,25,2735,126583,582563,356990,449913,32.031261,43625695895,12906855809
"trace_random_size128_time9000000_p[0.2, 0.8].out",2357999,0,0,137778,283550,823644,179717,128.004257,292525,1058112
"trace_random_size8_time90000_p[0.5, 0.5].out",17039,1,301,21867,544644,432890,450113,11.167917,665950,473218
"trace_random_size64_time9000000_p[0.2, 0.8].out",1056674,0,0,3747,76081,1163503,180070,64.042892,185500,729855
"trace_random_size64_time9000000_p[0.5, 0.5].out",670908,0,0,8771,160562,874852,450214,63.985874,185549,726494
"trace_random_size8_time9000000_p[0.8, 0.2].out",25987,0,0,25987,394224,435518,719835,11.167713,99474,373077
"trace_random_size128_time90000_p[0.2, 0.8].out",739413,1244,38503,1079599,419515,296665,180091,128.021103,65217143078,39724142083
"trace_random_size64_time90000_p[0.8, 0.2].out",169780,0,509,106400,312830,365974,720381,64.036438,43545902238,18251612258
"trace_random_size16_time9000000_p[0.8, 0.2].out",47682,0,0,29424,319812,459934,719346,16.759941,118201,410575
"trace_random_size16_time90000000_p[0.8, 0.2].out",47680,0,0,29567,320467,459589,720102,16.768063,118552,410834
"trace_random_size64_time90000000_p[0.2, 0.8].out",1057523,0,0,3715,75590,1165573,179127,64.029213,185532,730110
"trace_random_size32_time90000_p[0.8, 0.2].out",71743,0,189,61135,405990,327393,719398,31.988323,16339286963,4832788047
"trace_random_size128_time900000_p[0.8, 0.2].out",594002,0,39,45789,208250,502704,719998,128.049515,660509,1042733
"trace_random_size8_time900000_p[0.8, 0.2].out",26333,0,0,25825,395160,434590,719842,11.172268,164508,373613
"trace_random_size8_time9000000_p[0.5, 0.5].out",24040,0,0,14964,281536,703963,449311,11.164676,99544,381146
"trace_random_size128_time900000_p[0.2, 0.8].out",2341768,0,305,148035,285013,817452,179527,127.967979,394730,1058025
"trace_random_size32_time90000000_p[0.5, 0.5].out",230598,0,0,16659,205997,831348,450495,32.001141,155268,527786
"trace_random_size8_time90000000_p[0.8, 0.2].out",25532,0,0,26255,394379,435218,720237,11.162965,99482,372900
"trace_random_size64_time90000_p[0.2, 0.8].out",307648,181,15831,529742,549996,337580,180391,64.064857,18998236237,8003320899
"trace_random_size128_time90000000_p[0.5, 0.5].out",1475697,0,0,95680,269268,673096,449211,128.014008,291900,1054245
"trace_random_size8_time90000_p[0.2, 0.8].out",20030,0,181,9074,301883,767694,179438,11.197736,346326,413409
"trace_random_size128_time90000_p[0.8, 0.2].out",386748,2,2743,191090,246423,371817,720085,128.002029,98669275808,60425698961
"trace_random_size64_time900000_p[0.2, 0.8].out",1049860,0,0,7582,79214,1158659,180367,63.998028,243591,728424
"trace_random_size16_time9000000_p[0.5, 0.5].out",64504,0,0,19529,243998,759872,449979,16.772581,118234,422527
"trace_random_size64_time9000_p[0.2, 0.8].out",302283,384,15938,532010,554933,332641,180257,63.976421,55270039707,23257961100
"trace_random_size64_time90000000_p[0.5, 0.5].out",669499,0,0,8926,160453,874534,450614,63.96666,185501,726052
"trace_random_size16_time90000000_p[0.2, 0.8].out",82608,0,0,7022,106480,1043912,179411,16.766605,118265,415020
"trace_random_size64_time900000_p[0.5, 0.5].out",667582,0,0,11913,162455,870708,450034,63.980053,323993,727038
"trace_random_size64_time9000_p[0.5, 0.5].out",266384,68,6237,309464,458109,360225,450330,64.013069,69054464269,28918182596
"trace_random_size16_time9000000_p[0.2, 0.8].out",81763,0,0,6996,106671,1045613,179335,16.777813,118326,416797
"trace_random_size16_time90000_p[0.8, 0.2].out",33956,0,90,41727,474865,294759,719890,16.768614,3796942494,857495200
"trace_random_size16_time9000_p[0.2, 0.8].out",33769,70,3402,52081,704158,393244,180205,16.759457,21433356557,4823379253
"trace_random_size64_time900000_p[0.8, 0.2].out",283350,0,0,12631,199001,556634,719920,64.014214,391797,712588
"trace_random_size16_time90000_p[0.2, 0.8].out",62660,12,801,25762,359782,770527,179942,16.785097,459983,484457
"trace_random_size128_time900000_p[0.5, 0.5].out",1458144,0,229,104325,269534,669905,449898,128.010101,536819,1056383
"trace_random_size8_time9000_p[0.5, 0.5].out",13363,17,772,25044,664124,310127,450114,11.177053,26437549786,5177151141
"trace_random_size128_time9000_p[0.8, 0.2].out",384305,28,2758,191942,245573,371191,720309,128.022995,135310028778,82559314669
"trace_random_size8_time90000000_p[0.5, 0.5].out",24219,0,0,15047,282650,702335,449988,11.174069,99616,381892
"trace_random_size128_time9000_p[0.2, 0.8].out",741829,1281,38787,1076355,419715,297130,180770,128.018906,101773555253,61953532775
"trace_random_size32_time90000_p[0.2, 0.8].out",162182,101,4576,156890,581919,520044,180399,32.019123,947115,869772
"trace_random_size128_time9000_p[0.5, 0.5].out",625277,221,17295,617099,350981,343896,449809,128.034195,120815011465,73503109222
"trace_random_size32_time900000_p[0.8, 0.2].out",114233,0,0,23978,259150,504737,720394,32.034882,261080,515168
"trace_random_size16_time9000_p[0.5, 0.5].out",32229,17,1429,49240,640388,331856,450960,16.777746,31284788074,7060533975
"trace_random_size16_time90000000_p[0.5, 0.5].out",63850,0,0,19427,244145,760947,450231,16.765198,118192,422275
"trace_random_size8_time9000000_p[0.2, 0.8].out",24717,0,0,4609,115558,958971,179933,11.163061,99619,368835
"trace_random_size64_time90000_p[0.5, 0.5].out",272068,8,5934,306693,457108,364435,449703,64.020073,32846749472,13790430098
"trace_random_size32_time90000000_p[0.8, 0.2].out",114118,0,0,23750,259565,505572,720123,32.008244,155190,514524
"trace_random_size32_time90000_p[0.5, 0.5].out",103064,5,2430,125164,579577,361358,450083,32.06234,8013159251,2363032823
"trace_random_size16_time90000_p[0.5, 0.5].out",37722,3,931,45047,585749,391411,449961,16.75161,882042,668967
"trace_random_size8_time9000_p[0.8, 0.2].out",19960,0,76,31624,547427,277226,719683,11.156232,33974033094,6660577533
"trace_random_size32_time9000000_p[0.5, 0.5].out",230325,0,0,16812,206645,832371,450066,31.999882,155280,528076
"trace_random_size128_time9000000_p[0.5, 0.5].out",1474710,0,0,96000,270505,671360,449483,127.974159,291945,1053107
"trace_random_size64_time90000000_p[0.8, 0.2].out",284849,0,0,12178,199099,556770,719762,63.998981,185631,712971
"trace_random_size16_time900000_p[0.8, 0.2].out",47416,0,0,29346,321503,459727,719129,16.768709,190020,410651
"trace_random_size128_time90000_p[0.5, 0.5].out",624720,230,17372,618375,349471,343225,449576,128.039444,84246118513,51284657654
"trace_random_size32_time9000_p[0.2, 0.8].out",117544,160,7377,193797,694095,369661,180352,32.018291,32575248065,9607417804
"trace_random_size32_time90000000_p[0.2, 0.8].out",346845,0,0,6649,94679,1136584,179552,32.011681,155312,527448
"trace_random_size16_time9000_p[0.8, 0.2].out",33723,1,164,42068,476179,293114,720330,16.781443,38920140485,8789726991
"trace_random_size128_time90000000_p[0.2, 0.8].out",2357615,0,0,137057,283025,823301,180098,127.959946,292406,1059031
"trace_random_size64_time9000000_p[0.8, 0.2].out",284337,0,0,12047,198490,556063,719713,63.988636,185561,711896
"trace_random_size128_time90000000_p[0.8, 0.2].out",599848,0,0,43214,208675,504127,719266,128.005951,291534,1041784
"trace_random_size16_time900000_p[0.5, 0.5].out",64822,0,0,19714,247453,757913,449509,16.786852,168601,423405
"trace_random_size8_time900000_p[0.2, 0.8].out",24486,0,0,4836,118787,955016,181057,11.159227,117830,369500
"trace_random_size32_time900000_p[0.2, 0.8].out",345510,0,0,7596,97793,1133402,179649,32.031216,185196,528550
"trace_random_size32_time9000000_p[0.8, 0.2].out",114359,0,0,23333,261119,503973,720394,32.055885,155298,514740
"trace_random_size8_time90000000_p[0.2, 0.8].out",24614,0,0,4744,115785,958387,180078,11.171837,99648,369408
"trace_random_size8_time90000_p[0.8, 0.2].out",20474,0,41,31340,544388,280192,719791,11.153751,811014816,159028075
"trace_random_size32_time9000_p[0.8, 0.2].out",71155,5,324,61546,406317,326164,719802,32.016388,51926745784,15395674335
"trace_random_size32_time900000_p[0.5, 0.5].out",229994,0,0,17489,207998,828828,450266,32.057476,227027,528652
