filename,Normal_page_read_count,Multi-plane_one_shot_read_count,One_shot_read_count,Multi-plane_read_count,Multi-plane_SOML_read_count,SOML_read_count,Write_request_count,Write_request_average_size,Read_request_average_response_time,Write_request_average_response_time
"trace_seq_size8_time9000000_p[0.8, 0.2].out",26570,6,504,21277,22280,199084,720243,11.18881,84128,131424
"trace_seq_size128_time9000_p[0.5, 0.5].out",385906,11494,33598,588513,341370,249881,450186,128.022369,115739990646,75275693072
"trace_seq_size32_time9000_p[0.5, 0.5].out",75046,1572,6344,142432,386867,164972,450036,32.029354,32119507110,7926545062
"trace_seq_size64_time900000_p[0.5, 0.5].out",478633,11,39341,59726,350050,550730,450143,63.991653,413226,715741
"trace_seq_size16_time9000_p[0.8, 0.2].out",29494,54,1699,42068,127150,89917,719914,16.766975,13563079178,1684394645
"trace_seq_size32_time9000000_p[0.2, 0.8].out",270159,6,6970,61285,209254,912726,179726,31.975073,202607,559489
"trace_seq_size8_time90000_p[0.5, 0.5].out",21842,254,2184,46955,109963,322066,449570,11.195263,213109,214472
"trace_seq_size8_time9000_p[0.2, 0.8].out",11115,1875,2472,34624,258197,97125,179878,11.185787,3262063099,1150009418
"trace_seq_size128_time900000_p[0.8, 0.2].out",335795,184,20118,137741,130896,274541,719521,128.013794,695425,1044855
"trace_seq_size128_time90000000_p[0.8, 0.2].out",338807,181,19815,135188,130668,275766,720456,127.995102,547020,1043950
"trace_seq_size8_time90000_p[0.2, 0.8].out",19368,215,2148,30702,105407,508688,180431,11.166545,136340,323129
"trace_seq_size16_time9000000_p[0.8, 0.2].out",43644,9,786,28325,38359,233710,719676,16.785879,114540,194116
"trace_seq_size128_time90000000_p[0.5, 0.5].out",857301,692,49430,354272,289014,523020,449896,127.987587,553299,1130325
"trace_seq_size128_time90000000_p[0.2, 0.8].out",1381721,1356,79556,593317,340510,622291,179818,128.003525,559327,1218502
"trace_seq_size32_time90000_p[0.2, 0.8].out",123572,2827,5671,128695,332787,299897,180356,31.986197,581766,712527
"trace_seq_size64_time9000000_p[0.2, 0.8].out",806701,0,67919,99804,411698,714424,179984,64.037712,357557,811840
"trace_seq_size32_time9000_p[0.8, 0.2].out",66951,87,3430,61870,148634,141529,719940,32.006512,31504633541,6197356413
"trace_seq_size32_time90000000_p[0.8, 0.2].out",104973,4,1785,29776,76694,276390,719749,32.005428,190851,343719
"trace_seq_size128_time90000_p[0.5, 0.5].out",384965,11657,34149,588370,342219,249316,449907,127.986626,79310389561,51678941907
"trace_seq_size32_time90000_p[0.8, 0.2].out",75987,93,3053,53694,130665,165474,720195,32.039585,891255,437613
"trace_seq_size16_time90000_p[0.8, 0.2].out",40447,24,1631,30173,62950,175315,720167,16.797831,437822,196513
"trace_seq_size32_time9000_p[0.2, 0.8].out",80284,4212,7640,160735,412369,180179,180480,31.983383,23070791518,6837979616
"trace_seq_size8_time9000000_p[0.5, 0.5].out",26134,121,892,45136,79524,494639,449749,11.149608,91171,208949
"trace_seq_size64_time900000_p[0.8, 0.2].out",185331,0,14926,20805,149828,295223,720046,63.989941,413231,603563
"trace_seq_size128_time900000_p[0.5, 0.5].out",830902,1009,49042,365727,286453,511021,449564,128.00209,672980,1135244
"trace_seq_size8_time900000_p[0.5, 0.5].out",25557,142,930,45197,79459,491093,450823,11.155959,109019,208324
"trace_seq_size8_time900000_p[0.8, 0.2].out",26182,7,491,21447,22138,198051,721109,11.161793,99186,130946
"trace_seq_size16_time90000000_p[0.2, 0.8].out",68389,20,1568,40178,124945,871249,180143,16.835958,127245,392831
"trace_seq_size8_time90000000_p[0.8, 0.2].out",26309,9,552,21569,22450,200177,719512,11.168679,84263,131449
"trace_seq_size16_time9000_p[0.2, 0.8].out",22878,2614,3966,58461,330922,133089,180318,16.769417,7669406418,2391803072
"trace_seq_size128_time9000_p[0.8, 0.2].out",244132,1983,17726,188121,155190,205895,719969,128.009201,120714869173,76479529042
"trace_seq_size16_time9000_p[0.5, 0.5].out",28721,1299,3131,78421,317947,100767,450719,16.799173,13169011502,2601976894
"trace_seq_size64_time90000000_p[0.5, 0.5].out",485200,0,40586,56818,351562,554608,450367,64.023773,348165,715479
"trace_seq_size128_time900000_p[0.2, 0.8].out",1348812,2046,77876,606752,339286,608159,179873,128.001373,617007,1225147
"trace_seq_size8_time9000_p[0.5, 0.5].out",16310,1342,1795,50753,258667,69777,449295,11.180701,6386164647,1171708888
"trace_seq_size64_time90000000_p[0.8, 0.2].out",186854,0,14921,20565,149650,295818,720069,64.013161,338939,603664
"trace_seq_size32_time90000_p[0.5, 0.5].out",81818,1484,5974,142946,365152,179863,449569,32.035389,2463878,1260067
"trace_seq_size64_time90000000_p[0.2, 0.8].out",806691,0,67871,99533,412770,713329,180286,63.966087,357660,811232
"trace_seq_size32_time9000000_p[0.8, 0.2].out",108159,0,1739,31354,74402,273095,719753,32.022396,191044,343739
"trace_seq_size32_time90000000_p[0.2, 0.8].out",270083,3,6837,61442,207370,911886,180292,32.07019,202261,558388
"trace_seq_size8_time900000_p[0.2, 0.8].out",25882,35,1161,29295,92043,806154,180169,11.166282,109615,310448
"trace_seq_size16_time90000000_p[0.8, 0.2].out",43810,4,768,28177,37950,232691,720215,16.771118,114257,193757
"trace_seq_size16_time900000_p[0.2, 0.8].out",67839,21,1667,39994,124720,868709,179279,16.807732,143295,392002
"trace_seq_size8_time90000_p[0.8, 0.2].out",25504,13,897,21871,35436,161480,720238,11.17135,266313,131998
"trace_seq_size8_time90000000_p[0.2, 0.8].out",26051,34,1121,29084,91451,810060,180024,11.171506,98283,310475
"trace_seq_size128_time90000_p[0.8, 0.2].out",245718,1903,17675,188362,154392,207166,719737,128.019592,84786751097,53439660365
"trace_seq_size32_time900000_p[0.2, 0.8].out",268617,2,7257,62012,207191,905335,180205,32.019688,227726,560028
"trace_seq_size16_time9000000_p[0.5, 0.5].out",56983,68,1648,60504,105244,551799,450299,16.784006,120854,289207
"trace_seq_size32_time900000_p[0.8, 0.2].out",103573,4,1835,28886,78228,275490,720319,32.032658,232913,343506
"trace_seq_size64_time9000000_p[0.8, 0.2].out",187091,0,15311,20213,150438,296347,719682,63.984432,338859,603814
"trace_seq_size32_time9000000_p[0.5, 0.5].out",190150,17,5004,67322,186179,608055,450157,31.999844,196822,457279
"trace_seq_size128_time9000_p[0.2, 0.8].out",350168,31212,34279,1038552,368143,145721,180908,127.977875,94848412519,63997266974
"trace_seq_size64_time90000_p[0.5, 0.5].out",184306,2551,14982,250557,438738,228564,450567,64.009201,25542749501,10116608156
"trace_seq_size64_time9000_p[0.2, 0.8].out",197128,9472,16377,428674,462541,155854,180116,63.964783,48464065986,20763963417
"trace_seq_size16_time9000000_p[0.2, 0.8].out",67644,18,1562,40152,125388,871176,180166,16.743074,127184,391012
"trace_seq_size128_time9000000_p[0.5, 0.5].out",856102,689,50077,355216,288910,521597,449679,127.998535,553389,1131779
"trace_seq_size8_time90000000_p[0.5, 0.5].out",25959,138,945,45026,79442,495468,449248,11.161341,91240,209258
"trace_seq_size16_time900000_p[0.8, 0.2].out",43532,5,749,28471,37940,232742,719783,16.773849,136810,193948
"trace_seq_size32_time90000000_p[0.5, 0.5].out",189546,20,5025,66429,189586,609044,449838,32.041325,197071,458048
"trace_seq_size64_time9000_p[0.8, 0.2].out",121694,176,9577,69406,193054,203377,719266,63.977131,62113094095,22123731300
"trace_seq_size64_time90000_p[0.2, 0.8].out",203739,9274,16306,424384,463752,158807,180337,64.032509,12478716951,5375138430
"trace_seq_size64_time9000000_p[0.5, 0.5].out",485329,0,40699,56696,351944,556158,449697,64.007889,348235,714790
"trace_seq_size16_time90000_p[0.5, 0.5].out",42019,431,3566,66919,171268,302632,450037,16.797979,351578,304376
"trace_seq_size16_time90000_p[0.2, 0.8].out",43652,591,3027,45421,153469,465588,180357,16.78104,206464,425282
"trace_seq_size128_time90000_p[0.2, 0.8].out",349985,31187,33366,1041880,370260,144044,179721,128.021194,58134341648,39429844598
"trace_seq_size128_time9000000_p[0.2, 0.8].out",1382601,1411,80077,593603,340206,622194,179340,128.004898,559308,1218546
"trace_seq_size8_time9000000_p[0.2, 0.8].out",26119,30,1156,29040,91255,808830,179939,11.169279,98223,309287
"trace_seq_size32_time900000_p[0.5, 0.5].out",188943,12,5445,67891,186110,601871,450345,32.056465,241504,457988
"trace_seq_size64_time90000_p[0.8, 0.2].out",121554,177,9778,68168,192188,204242,720168,64.060135,26061091924,9284289458
"trace_seq_size64_time9000_p[0.5, 0.5].out",180777,2661,15170,253356,440955,226435,449503,64.060158,61671518741,24392034319
"trace_seq_size16_time90000000_p[0.5, 0.5].out",56906,65,1753,60492,104517,552276,449732,16.800346,120814,289216
"trace_seq_size128_time9000000_p[0.8, 0.2].out",340962,177,20140,135422,131898,277089,719530,128.043121,546837,1044471
"trace_seq_size64_time900000_p[0.2, 0.8].out",796967,10,66977,103581,410709,705767,180132,63.986115,391929,813783
"trace_seq_size16_time900000_p[0.5, 0.5].out",56098,58,1688,60710,104774,547387,450375,16.771269,146548,288638
"trace_seq_size8_time9000_p[0.8, 0.2].out",18692,53,1023,30023,107453,62730,719325,11.160966,6927347218,672039252
