filename,Normal_page_read_count,Multi-plane_one_shot_read_count,One_shot_read_count,Multi-plane_read_count,Multi-plane_SOML_read_count,SOML_read_count,Write_request_count,Write_request_average_size,Read_request_average_response_time,Write_request_average_response_time
"trace_seq_size8_time9000000_p[0.8, 0.2].out",25888,4,400,22236,13740,206706,720243,11.18881,76985,130621
"trace_seq_size128_time9000_p[0.5, 0.5].out",520732,636,18698,560697,399659,232442,450186,128.023773,114218095680,64548032816
"trace_seq_size32_time9000_p[0.5, 0.5].out",80921,111,4493,141284,355547,210601,450036,32.029568,32060576951,7551070738
"trace_seq_size64_time900000_p[0.5, 0.5].out",615607,4,1656,752,161858,834272,450143,63.991653,312020,668317
"trace_seq_size16_time9000_p[0.8, 0.2].out",29656,8,988,43247,118407,99433,719914,16.767622,13541166315,1657133012
"trace_seq_size32_time9000000_p[0.2, 0.8].out",302162,2,775,34603,63072,1098880,179726,31.975073,148520,538508
"trace_seq_size8_time90000_p[0.5, 0.5].out",22961,110,905,47099,76415,373482,449570,11.195148,213051,217292
"trace_seq_size8_time9000_p[0.2, 0.8].out",10022,172,1630,35988,209374,166854,179878,11.185914,3165246879,1059302975
"trace_seq_size128_time900000_p[0.8, 0.2].out",575109,1,673,18987,136310,327532,719521,128.013672,611784,919273
"trace_seq_size128_time90000000_p[0.8, 0.2].out",574204,2,603,18214,135496,328199,720456,127.995102,279763,920633
"trace_seq_size8_time90000_p[0.2, 0.8].out",22329,22,879,30719,65356,586796,180431,11.16668,134628,318998
"trace_seq_size16_time9000000_p[0.8, 0.2].out",43493,0,581,30056,19108,250319,719676,16.785879,98544,191914
"trace_seq_size128_time90000000_p[0.5, 0.5].out",1457627,7,1592,60010,305854,642001,449896,127.987587,285775,1017923
"trace_seq_size128_time90000000_p[0.2, 0.8].out",2363676,1,864,119927,317390,854446,179818,128.003525,291711,1105773
"trace_seq_size32_time90000_p[0.2, 0.8].out",173715,56,1456,102001,232066,467544,180356,31.986338,500222,663978
"trace_seq_size64_time9000000_p[0.2, 0.8].out",1044218,0,511,0,114030,1176411,179984,64.037712,185604,764760
"trace_seq_size32_time9000_p[0.8, 0.2].out",65510,8,1384,64925,143810,149386,719940,32.006836,31211563041,5936709886
"trace_seq_size32_time90000000_p[0.8, 0.2].out",109747,0,706,25285,43104,317449,719749,32.005428,143508,333315
"trace_seq_size128_time90000_p[0.5, 0.5].out",524467,543,18867,559042,399536,233919,449907,127.986717,77684321189,43975061859
"trace_seq_size32_time90000_p[0.8, 0.2].out",75342,6,1231,55437,128636,171482,720195,32.038841,1003277,421778
"trace_seq_size16_time90000_p[0.8, 0.2].out",40842,5,775,31985,36933,203129,720167,16.798141,446335,201253
"trace_seq_size32_time9000_p[0.2, 0.8].out",98478,384,4884,153396,355783,263565,180480,31.983389,21946015749,6234641031
"trace_seq_size8_time9000000_p[0.5, 0.5].out",26517,109,892,44922,54136,520148,449749,11.149608,82495,205658
"trace_seq_size64_time900000_p[0.8, 0.2].out",233407,0,499,60,67784,414665,720046,63.989891,334111,561238
"trace_seq_size128_time900000_p[0.5, 0.5].out",1442183,4,2148,66292,304022,631215,449564,128.003372,541533,1017544
"trace_seq_size8_time900000_p[0.5, 0.5].out",26109,112,935,44926,53585,517248,450823,11.156096,101639,205211
"trace_seq_size8_time900000_p[0.8, 0.2].out",25741,4,378,22151,13840,205777,721109,11.161968,91616,130189
"trace_seq_size16_time90000000_p[0.2, 0.8].out",71724,10,1019,38197,41822,956711,180143,16.835958,107321,381914
"trace_seq_size8_time90000000_p[0.8, 0.2].out",25941,3,417,22425,13954,207767,719512,11.168679,77026,130700
"trace_seq_size16_time9000_p[0.2, 0.8].out",22676,218,2506,60285,284540,201191,180318,16.769445,7230996077,2162812801
"trace_seq_size128_time9000_p[0.8, 0.2].out",353494,58,5082,147685,172044,212439,719969,128.002304,118051883398,63522362961
"trace_seq_size16_time9000_p[0.5, 0.5].out",28551,130,2767,80795,280869,145884,450719,16.799116,13258383491,2523213303
"trace_seq_size64_time90000000_p[0.5, 0.5].out",619073,3,1719,0,159846,842669,450367,64.023773,184047,667618
"trace_seq_size128_time900000_p[0.2, 0.8].out",2338307,4,1828,128903,318553,838833,179873,128.001373,413262,1109832
"trace_seq_size8_time9000_p[0.5, 0.5].out",15345,144,1662,51984,228945,110601,449295,11.180858,6483365187,1149922040
"trace_seq_size64_time90000000_p[0.8, 0.2].out",234228,1,480,0,67378,415163,720069,64.013161,182383,559608
"trace_seq_size32_time90000_p[0.5, 0.5].out",89586,88,4053,139933,331441,230367,449569,32.034176,2200686,1133763
"trace_seq_size64_time90000000_p[0.2, 0.8].out",1043543,1,478,0,114546,1175943,180286,63.966087,185643,766120
"trace_seq_size32_time9000000_p[0.8, 0.2].out",113113,0,711,26709,40418,314498,719753,32.022396,143518,333582
"trace_seq_size32_time90000000_p[0.2, 0.8].out",301326,1,772,35360,61740,1096645,180292,32.07019,148375,538818
"trace_seq_size8_time900000_p[0.2, 0.8].out",26283,30,951,29167,44303,854325,180169,11.166403,100617,302480
"trace_seq_size16_time90000000_p[0.8, 0.2].out",43415,1,559,30054,19026,248898,720215,16.771118,98405,191418
"trace_seq_size16_time900000_p[0.2, 0.8].out",71178,8,986,38019,41072,955110,179279,16.807735,126479,381754
"trace_seq_size8_time90000_p[0.8, 0.2].out",24887,4,377,22827,19517,180568,720238,11.171127,262802,134439
"trace_seq_size8_time90000000_p[0.2, 0.8].out",26576,22,962,28911,43903,857973,180024,11.171506,88037,303039
"trace_seq_size128_time90000_p[0.8, 0.2].out",355090,14,5045,147485,171938,213484,719737,128.01947,82066985246,44029298349
"trace_seq_size32_time900000_p[0.2, 0.8].out",300843,1,749,35449,61788,1091506,180205,32.019505,183578,540466
"trace_seq_size16_time9000000_p[0.5, 0.5].out",59809,68,1718,60150,54079,600633,450299,16.784006,102906,282340
"trace_seq_size32_time900000_p[0.8, 0.2].out",108445,3,692,24349,44146,317208,720319,32.033054,205356,333272
"trace_seq_size64_time9000000_p[0.8, 0.2].out",234533,0,495,0,67468,416750,719682,63.984432,182422,560976
"trace_seq_size32_time9000000_p[0.5, 0.5].out",208467,10,2141,51734,95372,720354,450157,31.999844,146032,438884
"trace_seq_size128_time9000_p[0.2, 0.8].out",530534,2752,23278,1013876,430331,162374,180908,127.977516,93441128755,55469962707
"trace_seq_size64_time90000_p[0.5, 0.5].out",205894,115,7914,263785,395263,267654,450567,64.008904,25096458332,9141092906
"trace_seq_size64_time9000_p[0.2, 0.8].out",273777,813,10634,423737,394352,226774,180116,63.964832,47688547287,19112388680
"trace_seq_size16_time9000000_p[0.2, 0.8].out",70945,8,941,38127,41476,957760,180166,16.743074,107240,380034
"trace_seq_size128_time9000000_p[0.5, 0.5].out",1458849,4,1518,60523,305238,641696,449679,127.998535,285771,1016740
"trace_seq_size8_time90000000_p[0.5, 0.5].out",26620,116,872,44802,53815,521228,449248,11.161341,82552,205672
"trace_seq_size16_time900000_p[0.8, 0.2].out",43402,2,551,30068,18893,249311,719783,16.773966,124930,191559
"trace_seq_size32_time90000000_p[0.5, 0.5].out",208716,17,2224,50424,97804,722084,449838,32.041325,146138,439184
"trace_seq_size64_time9000_p[0.8, 0.2].out",125712,9,1706,80490,167580,229454,719266,63.977142,61037729757,19951290567
"trace_seq_size64_time90000_p[0.2, 0.8].out",292522,721,10197,412912,388617,239073,180337,64.033096,11738929434,4695699288
"trace_seq_size64_time9000000_p[0.5, 0.5].out",619285,1,1732,0,160588,843847,449697,64.007889,184008,668247
"trace_seq_size16_time90000_p[0.5, 0.5].out",46792,75,3020,67130,112701,374938,450037,16.797852,363401,306617
"trace_seq_size16_time90000_p[0.2, 0.8].out",55719,14,2408,44502,88473,578445,180357,16.781441,208319,413632
"trace_seq_size128_time90000_p[0.2, 0.8].out",528943,2920,23379,1015837,432360,160927,179721,128.019943,56746939775,33852601319
"trace_seq_size128_time9000000_p[0.2, 0.8].out",2365697,1,866,120390,318232,853594,179340,128.004898,291712,1105969
"trace_seq_size8_time9000000_p[0.2, 0.8].out",26694,20,943,28760,43823,856953,179939,11.169279,88033,302107
"trace_seq_size32_time900000_p[0.5, 0.5].out",207782,18,2225,52221,94746,715495,450345,32.056667,209266,440328
"trace_seq_size64_time90000_p[0.8, 0.2].out",126733,1,1680,78788,164597,232866,720168,64.059868,25046092230,8181690413
"trace_seq_size64_time9000_p[0.5, 0.5].out",201595,165,7937,267894,397989,263821,449503,64.056694,61303431244,22260914605
"trace_seq_size16_time90000000_p[0.5, 0.5].out",59759,76,1664,60181,53754,601009,449732,16.800346,102833,281994
"trace_seq_size128_time9000000_p[0.8, 0.2].out",577397,2,589,18352,136632,329763,719530,128.043121,280026,919897
"trace_seq_size64_time900000_p[0.2, 0.8].out",1039369,0,481,1255,117874,1160990,180132,63.985661,250543,766787
"trace_seq_size16_time900000_p[0.5, 0.5].out",59127,69,1585,60139,53975,596629,450375,16.771227,134310,282043
"trace_seq_size8_time9000_p[0.8, 0.2].out",18765,6,775,30370,98522,72846,719325,11.16097,6954937767,668121892
