filename,Normal_page_read_count,Multi-plane_one_shot_read_count,One_shot_read_count,Multi-plane_read_count,Multi-plane_SOML_read_count,SOML_read_count,Write_request_count,Write_request_average_size,Read_request_average_response_time,Write_request_average_response_time
"trace_seq_size8_time9000000_p[0.8, 0.2].out",36496,23,4062,9578,15538,208515,720243,11.18881,84168,130217
"trace_seq_size128_time9000_p[0.5, 0.5].out",158617,165297,32917,318160,231425,198228,450186,128.02124,107924024103,80807375374
"trace_seq_size32_time9000_p[0.5, 0.5].out",53976,39163,13516,114049,287641,92110,450036,32.029453,31049323689,7821944876
"trace_seq_size64_time900000_p[0.5, 0.5].out",369796,71,118272,58702,258977,515706,450143,63.991718,408432,736425
"trace_seq_size16_time9000_p[0.8, 0.2].out",22854,5899,8229,35339,114943,67701,719914,16.767612,13762075581,1712361589
"trace_seq_size32_time9000000_p[0.2, 0.8].out",285518,15,19856,45080,180580,919722,179726,31.975073,203191,532946
"trace_seq_size8_time90000_p[0.5, 0.5].out",36838,2300,10093,28665,85723,332371,449570,11.195206,205290,240152
"trace_seq_size8_time9000_p[0.2, 0.8].out",15702,18479,7898,28978,173502,68116,179878,11.185888,3642097915,1323798017
"trace_seq_size128_time900000_p[0.8, 0.2].out",245605,1809,59851,134419,105731,267401,719521,128.012115,713925,1178616
"trace_seq_size128_time90000000_p[0.8, 0.2].out",249037,1625,59921,131949,105700,268000,720456,127.995102,539284,1144515
"trace_seq_size8_time90000_p[0.2, 0.8].out",29488,2015,5880,20698,79522,518910,180431,11.166745,127929,297015
"trace_seq_size16_time9000000_p[0.8, 0.2].out",56340,27,5872,12368,29382,246530,719676,16.785879,114534,192703
"trace_seq_size128_time90000000_p[0.5, 0.5].out",631355,5859,149765,344013,200348,526141,449896,127.987587,545538,1268394
"trace_seq_size128_time90000000_p[0.2, 0.8].out",1021140,12599,239959,570544,251642,568619,179818,128.003525,551540,1384779
"trace_seq_size32_time90000_p[0.2, 0.8].out",125382,35792,18172,83520,209287,275656,180356,31.986307,659852,780908
"trace_seq_size64_time9000000_p[0.2, 0.8].out",606931,0,203561,99879,338260,580552,179984,64.037712,356214,839976
"trace_seq_size32_time9000_p[0.8, 0.2].out",48987,8053,14785,55550,142493,96603,719940,32.006512,31618293455,6270702881
"trace_seq_size32_time90000000_p[0.8, 0.2].out",117347,16,8338,18173,57422,286759,719749,32.005428,191323,343296
"trace_seq_size128_time90000_p[0.5, 0.5].out",153602,166651,32525,318598,230858,196613,449907,127.986664,71323124290,53480641020
"trace_seq_size32_time90000_p[0.8, 0.2].out",56436,8911,13790,49966,124331,113692,720195,32.040516,964255,493178
"trace_seq_size16_time90000_p[0.8, 0.2].out",46138,1130,9108,19672,56919,167904,720167,16.797691,438970,243736
"trace_seq_size32_time9000_p[0.2, 0.8].out",72663,58035,18238,98424,234752,133833,180480,31.983259,24664338149,7637653147
"trace_seq_size8_time9000000_p[0.5, 0.5].out",42676,594,7818,24623,56720,518296,449749,11.149608,91198,199838
"trace_seq_size64_time900000_p[0.8, 0.2].out",146173,6,44969,20659,120001,274341,720046,63.989944,412280,616904
"trace_seq_size128_time900000_p[0.5, 0.5].out",608752,8273,148404,347910,197447,516275,449564,128.003372,673471,1327624
"trace_seq_size8_time900000_p[0.5, 0.5].out",42494,559,7646,24829,57458,514373,450823,11.156033,105627,199468
"trace_seq_size8_time900000_p[0.8, 0.2].out",36422,24,3984,9649,15716,207239,721109,11.162263,97500,129837
"trace_seq_size16_time90000000_p[0.2, 0.8].out",84244,64,4282,24855,110932,891626,180143,16.835958,127272,360877
"trace_seq_size8_time90000000_p[0.8, 0.2].out",36267,29,4022,9882,15738,209770,719512,11.168679,84317,130278
"trace_seq_size16_time9000_p[0.2, 0.8].out",28393,28303,10765,44555,216237,90622,180318,16.769615,8498859279,2743514328
"trace_seq_size128_time9000_p[0.8, 0.2].out",144831,37344,34782,133957,128686,177182,719969,128.011856,116803190538,81988349532
"trace_seq_size16_time9000_p[0.5, 0.5].out",25475,22199,9906,65736,231131,68953,450719,16.798933,12971041006,2592890215
"trace_seq_size64_time90000000_p[0.5, 0.5].out",373746,0,120224,56824,260200,518493,450367,64.023773,347464,734448
"trace_seq_size128_time900000_p[0.2, 0.8].out",993602,16810,237228,571460,248707,558036,179873,128.001373,607273,1427469
"trace_seq_size8_time9000_p[0.5, 0.5].out",16368,16344,6888,42457,182159,56902,449295,11.180934,6419338208,1186447480
"trace_seq_size64_time90000000_p[0.8, 0.2].out",146623,0,45038,20623,120392,274838,720069,64.013161,338485,615966
"trace_seq_size32_time90000_p[0.5, 0.5].out",66776,34368,15564,113104,266173,125526,449569,32.035206,1353058,895155
"trace_seq_size64_time90000000_p[0.2, 0.8].out",607453,0,203082,99895,338704,580269,180286,63.966087,356268,839872
"trace_seq_size32_time9000000_p[0.8, 0.2].out",121852,12,8087,19165,56098,282964,719753,32.022396,191563,343258
"trace_seq_size32_time90000000_p[0.2, 0.8].out",285873,18,19611,45402,179472,917643,180292,32.07019,202782,533025
"trace_seq_size8_time900000_p[0.2, 0.8].out",36896,162,3279,19014,76174,824365,180169,11.166296,106167,282956
"trace_seq_size16_time90000000_p[0.8, 0.2].out",56176,32,5717,12718,29142,245029,720215,16.771118,114252,192424
"trace_seq_size16_time900000_p[0.2, 0.8].out",83717,78,4378,24755,110612,888691,179279,16.807642,138799,360280
"trace_seq_size8_time90000_p[0.8, 0.2].out",33858,208,5447,12096,29319,164449,720238,11.17127,261746,144951
"trace_seq_size8_time90000000_p[0.2, 0.8].out",36730,111,3312,19036,76402,827464,180024,11.171506,98282,282527
"trace_seq_size128_time90000_p[0.8, 0.2].out",141727,36619,35182,138422,127008,177116,719737,128.021805,80942052307,56557565240
"trace_seq_size32_time900000_p[0.2, 0.8].out",284211,11,21152,45381,179812,908786,180205,32.019688,222422,533474
"trace_seq_size16_time9000000_p[0.5, 0.5].out",79359,315,9542,33807,85428,577463,450299,16.784006,120904,277538
"trace_seq_size32_time900000_p[0.8, 0.2].out",115350,20,8389,17869,57982,286240,720319,32.032887,232401,343062
"trace_seq_size64_time9000000_p[0.8, 0.2].out",146619,0,45534,20499,121450,274566,719682,63.984432,338671,616246
"trace_seq_size32_time9000000_p[0.5, 0.5].out",215794,58,17498,45064,144242,631128,450157,31.999844,197266,446692
"trace_seq_size128_time9000_p[0.2, 0.8].out",154065,245614,50806,548596,224808,112424,180908,127.977501,91138993768,72610523155
"trace_seq_size64_time90000_p[0.5, 0.5].out",75177,70662,16243,172524,355945,159038,450567,64.009445,22046818139,9198653678
"trace_seq_size64_time9000_p[0.2, 0.8].out",101285,104539,31852,255525,315994,118458,180116,63.96487,46909212081,21848728474
"trace_seq_size16_time9000000_p[0.2, 0.8].out",83767,64,4215,24768,110374,892578,180166,16.743074,127200,359252
"trace_seq_size128_time9000000_p[0.5, 0.5].out",631856,5946,150127,343717,200902,525154,449679,127.998535,545507,1268490
"trace_seq_size8_time90000000_p[0.5, 0.5].out",42499,581,7687,24882,57682,518080,449248,11.161341,91245,200097
"trace_seq_size16_time900000_p[0.8, 0.2].out",56213,41,5820,12532,29154,245291,719783,16.773561,134990,192543
"trace_seq_size32_time90000000_p[0.5, 0.5].out",215092,50,17611,44483,145640,633390,449838,32.041325,197440,447773
"trace_seq_size64_time9000_p[0.8, 0.2].out",71481,11359,20922,69269,193436,152968,719266,63.977188,61179441633,22434194315
"trace_seq_size64_time90000_p[0.2, 0.8].out",107890,103382,32470,253318,315502,122741,180337,64.031876,10939199665,5111916261
"trace_seq_size64_time9000000_p[0.5, 0.5].out",373339,0,121056,56573,261662,517600,449697,64.007889,347517,734656
"trace_seq_size16_time90000_p[0.5, 0.5].out",56677,7363,13679,45337,136612,291062,450037,16.797514,372726,373592
"trace_seq_size16_time90000_p[0.2, 0.8].out",57605,7061,9047,29295,111484,459543,180357,16.78141,217914,481582
"trace_seq_size128_time90000_p[0.2, 0.8].out",154034,246218,51224,548766,225274,111038,179721,128.022217,54490915438,43687865297
"trace_seq_size128_time9000000_p[0.2, 0.8].out",1021478,12686,240287,571536,250724,568652,179340,128.004898,551645,1385627
"trace_seq_size8_time9000000_p[0.2, 0.8].out",37086,145,3246,18800,76058,826559,179939,11.169279,98231,281698
"trace_seq_size32_time900000_p[0.5, 0.5].out",214911,46,18716,45186,143884,623522,450345,32.057697,236057,447922
"trace_seq_size64_time90000_p[0.8, 0.2].out",71587,11402,21271,67971,192379,153108,720168,64.059624,25158152140,9220180275
"trace_seq_size64_time9000_p[0.5, 0.5].out",72886,71833,15877,172788,356641,157749,449503,64.056908,58253408597,24254384705
"trace_seq_size16_time90000000_p[0.5, 0.5].out",79465,270,9262,34145,85466,577698,449732,16.800346,120872,277454
"trace_seq_size128_time9000000_p[0.8, 0.2].out",250090,1620,60224,133112,105872,269695,719530,128.043121,539628,1145233
"trace_seq_size64_time900000_p[0.2, 0.8].out",601871,129,199985,103206,336488,576100,180132,63.986031,386900,842777
"trace_seq_size16_time900000_p[0.5, 0.5].out",78445,306,9368,34131,84906,573583,450375,16.770908,142379,277153
"trace_seq_size8_time9000_p[0.8, 0.2].out",15799,3641,5267,26540,93445,52599,719325,11.16076,7046820218,683535609
