filename,Normal_page_read_count,Multi-plane_one_shot_read_count,One_shot_read_count,Multi-plane_read_count,Multi-plane_SOML_read_count,SOML_read_count,Write_request_count,Write_request_average_size,Read_request_average_response_time,Write_request_average_response_time
"trace_seq_size8_time9000000_p[0.8, 0.2].out",22947,0,279,22895,59566,162896,720243,11.18881,79640,131061
"trace_seq_size128_time9000_p[0.5, 0.5].out",114642,1146,1387,851338,234050,257021,450186,128.019455,114002587197,74145785042
"trace_seq_size32_time9000_p[0.5, 0.5].out",53219,121,2041,161920,440629,115777,450036,32.029987,31799401608,7846638362
"trace_seq_size64_time900000_p[0.5, 0.5].out",79717,0,3407,431886,172028,490963,450143,63.991653,362572,720213
"trace_seq_size16_time9000_p[0.8, 0.2].out",23291,5,567,43725,154134,69514,719914,16.76684,13417958646,1665826229
"trace_seq_size32_time9000000_p[0.2, 0.8].out",106343,0,510,226498,641852,332934,179726,31.975073,173121,556342
"trace_seq_size8_time90000_p[0.5, 0.5].out",18913,0,809,47614,190347,255121,449570,11.195236,208627,213670
"trace_seq_size8_time9000_p[0.2, 0.8].out",8074,86,550,35999,312061,61192,179878,11.185802,3218198708,1130331049
"trace_seq_size128_time900000_p[0.8, 0.2].out",59371,0,37,345938,42434,283888,719521,128.013794,634949,1046647
"trace_seq_size128_time90000000_p[0.8, 0.2].out",60018,0,36,344494,41964,285070,720456,127.995102,483126,1045689
"trace_seq_size8_time90000_p[0.2, 0.8].out",16415,3,563,33103,224477,410208,180431,11.166565,133534,320543
"trace_seq_size16_time9000000_p[0.8, 0.2].out",35080,0,417,32453,115083,158455,719676,16.785879,104653,193413
"trace_seq_size128_time90000000_p[0.5, 0.5].out",155429,0,245,876835,109932,510555,449896,127.987587,490223,1133727
"trace_seq_size128_time90000000_p[0.2, 0.8].out",258224,0,150,1423991,107726,563578,179818,128.003525,497169,1222601
"trace_seq_size32_time90000_p[0.2, 0.8].out",65611,11,831,181313,425556,192900,180356,31.986275,545683,698051
"trace_seq_size64_time9000000_p[0.2, 0.8].out",144229,0,1138,706521,185170,590333,179984,64.037712,303855,816944
"trace_seq_size32_time9000_p[0.8, 0.2].out",44673,12,581,78674,203341,84515,719940,32.00684,31059181611,6109269469
"trace_seq_size32_time90000000_p[0.8, 0.2].out",62786,0,608,66469,203340,122100,719749,32.005428,164145,342164
"trace_seq_size128_time90000_p[0.5, 0.5].out",114612,1115,1392,851895,234851,257092,449907,127.986488,77593956088,50560653782
"trace_seq_size32_time90000_p[0.8, 0.2].out",52049,1,585,72088,196899,94466,720195,32.039841,856299,416818
"trace_seq_size16_time90000_p[0.8, 0.2].out",32567,0,422,33862,119151,124454,720167,16.798246,427598,195568
"trace_seq_size32_time9000_p[0.2, 0.8].out",41910,203,1203,196038,497653,107715,180480,31.983189,22684681412,6721756484
"trace_seq_size8_time9000000_p[0.5, 0.5].out",22719,0,852,45665,186614,390752,449749,11.149608,85740,208624
"trace_seq_size64_time900000_p[0.8, 0.2].out",28572,0,1752,169176,69396,275043,720046,63.989941,363082,605183
"trace_seq_size128_time900000_p[0.5, 0.5].out",150304,0,248,876085,110219,498202,449564,128.00209,612422,1138863
"trace_seq_size8_time900000_p[0.5, 0.5].out",22736,0,805,45619,186817,386940,450823,11.155959,103489,208038
"trace_seq_size8_time900000_p[0.8, 0.2].out",22590,0,280,23075,59411,161795,721109,11.161793,94546,130585
"trace_seq_size16_time90000000_p[0.2, 0.8].out",48793,0,555,57061,458952,526231,180143,16.835958,115081,390460
"trace_seq_size8_time90000000_p[0.8, 0.2].out",22521,0,279,23283,60522,163338,719512,11.168679,79709,131065
"trace_seq_size16_time9000_p[0.2, 0.8].out",14429,104,676,64444,407280,80043,180318,16.769659,7531703865,2341932682
"trace_seq_size128_time9000_p[0.8, 0.2].out",57152,90,246,340760,87919,217944,719969,128.009201,119040525229,75418797760
"trace_seq_size16_time9000_p[0.5, 0.5].out",23316,178,1514,78979,354977,79745,450719,16.798895,13062169557,2579773875
"trace_seq_size64_time90000000_p[0.5, 0.5].out",81059,0,3354,432634,173366,497009,450367,64.023773,295293,719875
"trace_seq_size128_time900000_p[0.2, 0.8].out",251943,0,176,1422165,107860,550107,179873,128.001373,556094,1229336
"trace_seq_size8_time9000_p[0.5, 0.5].out",12783,184,750,51222,285141,55950,449295,11.180685,6333320660,1162352358
"trace_seq_size64_time90000000_p[0.8, 0.2].out",28524,0,1736,169690,68762,276341,720069,64.013161,286853,605316
"trace_seq_size32_time90000_p[0.5, 0.5].out",58696,104,2014,163550,420359,126494,449569,32.034389,1858109,1082329
"trace_seq_size64_time90000000_p[0.2, 0.8].out",143511,0,1089,707153,184232,590153,180286,63.966087,303952,816350
"trace_seq_size32_time9000000_p[0.8, 0.2].out",64894,0,589,68576,200906,118862,719753,32.022396,164244,342166
"trace_seq_size32_time90000000_p[0.2, 0.8].out",107373,0,538,225722,640128,332193,180292,32.07019,172804,555395
"trace_seq_size8_time900000_p[0.2, 0.8].out",21312,2,554,32353,288969,609695,180169,11.166282,103119,309012
"trace_seq_size16_time90000000_p[0.8, 0.2].out",34990,0,377,32420,114018,158154,720215,16.771118,104455,193034
"trace_seq_size16_time900000_p[0.2, 0.8].out",47952,0,581,57097,459829,522695,179279,16.807732,130966,389527
"trace_seq_size8_time90000_p[0.8, 0.2].out",21779,0,322,23548,69550,130545,720238,11.171199,261836,131555
"trace_seq_size8_time90000000_p[0.2, 0.8].out",21261,0,582,32285,288484,613236,180024,11.171506,91877,309008
"trace_seq_size128_time90000_p[0.8, 0.2].out",56960,38,219,341741,87752,218526,719737,128.01947,83153729934,52410470765
"trace_seq_size32_time900000_p[0.2, 0.8].out",105969,0,516,225764,636780,331215,180205,32.019688,198170,556506
"trace_seq_size16_time9000000_p[0.5, 0.5].out",46454,1,1411,66239,302529,354686,450299,16.784006,109841,288691
"trace_seq_size32_time900000_p[0.8, 0.2].out",60881,0,590,65959,203932,122180,720319,32.032658,205583,341902
"trace_seq_size64_time9000000_p[0.8, 0.2].out",29005,0,1688,169805,69612,276944,719682,63.984432,286852,605435
"trace_seq_size32_time9000000_p[0.5, 0.5].out",100090,0,1839,157824,464924,247963,450157,31.999844,168686,456724
"trace_seq_size128_time9000_p[0.2, 0.8].out",111185,5985,2013,1350412,226243,141922,180908,127.977516,93630191342,63175498759
"trace_seq_size64_time90000_p[0.5, 0.5].out",61162,171,3494,403244,301629,231224,450567,64.009621,24966976404,9888664331
"trace_seq_size64_time9000_p[0.2, 0.8].out",67862,1287,2904,640955,269615,141134,180116,63.964951,48141001303,20625664871
"trace_seq_size16_time9000000_p[0.2, 0.8].out",48248,0,561,56936,459340,526163,180166,16.743074,115013,388782
"trace_seq_size128_time9000000_p[0.5, 0.5].out",156059,0,226,877311,110482,509565,449679,127.998535,490423,1135172
"trace_seq_size8_time90000000_p[0.5, 0.5].out",22460,0,821,45802,186850,391207,449248,11.161341,85795,208923
"trace_seq_size16_time900000_p[0.8, 0.2].out",34711,0,399,32613,114216,158089,719783,16.774124,126705,193219
"trace_seq_size32_time90000000_p[0.5, 0.5].out",99171,1,1897,157500,467671,248690,449838,32.041325,168874,457495
"trace_seq_size64_time9000_p[0.8, 0.2].out",29509,26,1664,162877,130084,196152,719266,63.977154,61328729346,21844362428
"trace_seq_size64_time90000_p[0.2, 0.8].out",69005,1151,2806,641292,267001,144137,180337,64.032143,12179117328,5246228047
"trace_seq_size64_time9000000_p[0.5, 0.5].out",80672,0,3345,433237,173808,497931,449697,64.007889,295347,719189
"trace_seq_size16_time90000_p[0.5, 0.5].out",34592,0,1313,70081,273332,216292,450037,16.798018,343879,302483
"trace_seq_size16_time90000_p[0.2, 0.8].out",32453,0,572,55583,298136,339348,180357,16.78093,200017,420634
"trace_seq_size128_time90000_p[0.2, 0.8].out",111240,6111,2022,1352169,226550,142030,179721,128.022095,56968905788,38639685831
"trace_seq_size128_time9000000_p[0.2, 0.8].out",259220,0,166,1425247,107670,563022,179340,128.004898,497185,1222722
"trace_seq_size8_time9000000_p[0.2, 0.8].out",21410,1,597,32204,286790,613527,179939,11.169279,91856,307884
"trace_seq_size32_time900000_p[0.5, 0.5].out",100554,0,1888,156898,461770,247416,450345,32.056465,213215,457494
"trace_seq_size64_time90000_p[0.8, 0.2].out",29284,10,1717,162266,128167,197291,720168,64.060539,25277146610,9005054162
"trace_seq_size64_time9000_p[0.5, 0.5].out",61175,224,3610,404106,303926,229992,449503,64.060402,61142202927,24182708129
"trace_seq_size16_time90000000_p[0.5, 0.5].out",46470,0,1418,66216,302474,354702,449732,16.800346,109776,288702
"trace_seq_size128_time9000000_p[0.8, 0.2].out",60464,0,44,346328,42900,286123,719530,128.043121,482930,1046223
"trace_seq_size64_time900000_p[0.2, 0.8].out",142249,0,1145,705385,184012,580959,180132,63.986115,339353,818836
"trace_seq_size16_time900000_p[0.5, 0.5].out",45770,0,1392,66112,300971,351951,450375,16.771269,135484,288123
"trace_seq_size8_time9000_p[0.8, 0.2].out",15502,7,449,30925,119968,53597,719325,11.161033,6856759970,664986375
