filename,Normal_page_read_count,Multi-plane_one_shot_read_count,One_shot_read_count,Multi-plane_read_count,Multi-plane_SOML_read_count,SOML_read_count,Write_request_count,Write_request_average_size,Read_request_average_response_time,Write_request_average_response_time
"trace_random_size128_time9000000_p[0.8, 0.2].out",341166,133,12828,179994,171209,484468,719737,128.008774,556987,1156207
"trace_random_size64_time9000_p[0.8, 0.2].out",156112,63,7265,102997,343442,335972,720106,63.99715,85047193368,38104414036
"trace_random_size8_time9000_p[0.2, 0.8].out",11106,83,2313,17657,678920,374606,179519,11.167772,16962926120,3338796991
"trace_random_size16_time900000_p[0.2, 0.8].out",73943,0,84,15889,252228,889685,180108,16.774429,155830,424705
"trace_random_size32_time9000000_p[0.2, 0.8].out",292973,0,2427,57133,279234,896818,180970,32.027451,214320,544774
"trace_random_size8_time900000_p[0.5, 0.5].out",23102,0,5,16200,370721,613765,450001,11.166189,147748,387127
"trace_random_size32_time9000_p[0.5, 0.5].out",107163,114,5864,118666,576966,362058,449913,32.030876,45212195942,13836005110
"trace_random_size128_time9000000_p[0.2, 0.8].out",1391878,654,56772,633921,277349,629440,179717,128.004257,559722,1174087
"trace_random_size8_time90000_p[0.5, 0.5].out",16693,5,468,22051,581593,395396,450113,11.168011,633263,520685
"trace_random_size64_time9000000_p[0.2, 0.8].out",828185,0,32877,138547,363973,735867,180070,64.042892,354977,774391
"trace_random_size64_time9000000_p[0.5, 0.5].out",501684,0,19592,116413,337546,593035,450214,63.985874,351829,771745
"trace_random_size8_time9000000_p[0.8, 0.2].out",25594,0,0,26191,430057,399664,719835,11.167713,109988,377706
"trace_random_size128_time90000_p[0.2, 0.8].out",552215,12937,65471,1082309,481820,265077,180091,128.02449,69945353179,48586536649
"trace_random_size64_time90000_p[0.8, 0.2].out",157514,35,6731,102497,340891,339108,720381,64.034531,48825877349,21959946940
"trace_random_size16_time9000000_p[0.8, 0.2].out",44676,0,20,32248,368094,408949,719346,16.759941,138183,418305
"trace_random_size16_time90000000_p[0.8, 0.2].out",44766,0,21,32213,368441,409169,720102,16.768063,138782,418550
"trace_random_size64_time90000000_p[0.2, 0.8].out",828124,0,33588,138332,363943,736618,179127,64.029213,355095,775188
"trace_random_size32_time90000_p[0.8, 0.2].out",70664,3,1295,61740,413383,316530,719398,31.988146,18375947495,5626005359
"trace_random_size128_time900000_p[0.8, 0.2].out",335910,140,14013,181390,171627,483455,719998,128.051682,765389,1211684
"trace_random_size8_time900000_p[0.8, 0.2].out",25536,0,4,26451,428785,400492,719842,11.172153,164248,377983
"trace_random_size8_time9000000_p[0.5, 0.5].out",22878,0,1,16017,368747,615805,449311,11.164676,110374,386276
"trace_random_size128_time900000_p[0.2, 0.8].out",1390530,697,53376,640548,277310,627972,179527,127.967606,615088,1187844
"trace_random_size32_time90000000_p[0.5, 0.5].out",187283,0,1447,57896,337621,656226,450495,32.001141,211989,545262
"trace_random_size8_time90000000_p[0.8, 0.2].out",25242,0,1,26418,429824,399733,720237,11.162965,110121,377406
"trace_random_size64_time90000_p[0.2, 0.8].out",332679,2515,35895,459192,613836,315610,180391,64.064919,21927276843,9876766330
"trace_random_size128_time90000000_p[0.5, 0.5].out",843042,377,36917,422951,230065,577400,449211,128.014008,557823,1169771
"trace_random_size8_time90000_p[0.2, 0.8].out",19042,4,355,10090,386757,681231,179438,11.197734,327522,420965
"trace_random_size128_time90000_p[0.8, 0.2].out",265288,538,15928,228159,243819,378970,720085,128.002029,110264636262,76771892923
"trace_random_size64_time900000_p[0.2, 0.8].out",823882,3,32890,140252,366249,733573,180367,63.998028,383464,774893
"trace_random_size16_time9000000_p[0.5, 0.5].out",57685,0,42,26282,354996,642066,449979,16.772581,138781,431416
"trace_random_size64_time9000_p[0.2, 0.8].out",331387,2511,35147,460004,616100,315984,180257,63.976604,58267970565,26187306287
"trace_random_size64_time90000000_p[0.5, 0.5].out",504039,0,17560,116001,335870,597744,450614,63.96666,351724,771797
"trace_random_size16_time90000000_p[0.2, 0.8].out",74066,0,58,15469,250926,890930,179411,16.766605,139891,424592
"trace_random_size64_time900000_p[0.5, 0.5].out",501640,0,18578,118065,337936,593131,450034,63.980068,420584,773228
"trace_random_size64_time9000_p[0.5, 0.5].out",288908,495,19339,265058,485378,357376,450330,64.012421,73362536607,32931324542
"trace_random_size16_time9000000_p[0.2, 0.8].out",73241,0,77,15436,251237,892462,179335,16.777813,139971,425997
"trace_random_size16_time90000_p[0.8, 0.2].out",33783,0,366,41596,481697,287540,719890,16.767784,4706869798,1085064020
"trace_random_size16_time9000_p[0.2, 0.8].out",35207,238,5005,50066,708536,385628,180205,16.759502,21824110005,5004253211
"trace_random_size64_time900000_p[0.8, 0.2].out",208314,0,8131,61507,267505,441017,719920,64.013199,451411,759821
"trace_random_size16_time90000_p[0.2, 0.8].out",57222,28,1817,30907,462177,660135,179942,16.785379,434288,508705
"trace_random_size128_time900000_p[0.5, 0.5].out",831204,468,35106,430604,231891,574489,449898,128.013382,693506,1205275
"trace_random_size8_time9000_p[0.5, 0.5].out",13727,32,1146,24556,666510,307129,450114,11.177209,26866043067,5323899944
"trace_random_size128_time9000_p[0.8, 0.2].out",268085,568,14604,227961,243025,379142,720309,128.023117,146968322754,101982188015
"trace_random_size8_time90000000_p[0.5, 0.5].out",23098,0,2,16084,369568,614452,449988,11.174069,110344,386354
"trace_random_size128_time9000_p[0.2, 0.8].out",550366,13168,65393,1081198,482120,265362,180770,128.021088,106391303653,73674948815
"trace_random_size32_time90000_p[0.2, 0.8].out",146080,351,11107,164019,657248,425465,180399,32.019276,1118124,1298275
"trace_random_size128_time9000_p[0.5, 0.5].out",505407,3761,41400,619511,362717,353654,449809,128.034836,129029725807,89425425847
"trace_random_size32_time900000_p[0.8, 0.2].out",94798,0,602,42415,314224,430415,720394,32.033688,278089,532163
"trace_random_size16_time9000_p[0.5, 0.5].out",33922,58,2312,47420,640046,331254,450960,16.778185,32041400378,7375315867
"trace_random_size16_time90000000_p[0.5, 0.5].out",57156,0,48,25985,356182,642349,450231,16.765198,138816,430659
"trace_random_size8_time9000000_p[0.2, 0.8].out",22850,0,5,6452,229013,843676,179933,11.163061,111057,373740
"trace_random_size64_time90000_p[0.5, 0.5].out",287227,392,19760,266423,486536,356612,449703,64.021347,36966827243,16593652252
"trace_random_size32_time90000000_p[0.8, 0.2].out",95025,0,591,41954,315427,430617,720123,32.008244,210705,531994
"trace_random_size32_time90000_p[0.5, 0.5].out",108732,45,5601,117955,574722,365213,450083,32.061871,9639893718,2943905791
"trace_random_size16_time90000_p[0.5, 0.5].out",36411,17,1654,45921,612768,361698,449961,16.751989,925541,856080
"trace_random_size8_time9000_p[0.8, 0.2].out",19829,0,209,31580,552892,271587,719683,11.156093,34587355374,6863451191
"trace_random_size32_time9000000_p[0.5, 0.5].out",187202,0,1441,57805,337382,658447,450066,31.999882,212125,545457
"trace_random_size128_time9000000_p[0.5, 0.5].out",855333,373,31632,422319,230782,580689,449483,127.974159,558114,1170402
"trace_random_size64_time90000000_p[0.8, 0.2].out",209712,0,7946,61298,267036,441887,719762,63.998981,349553,758579
"trace_random_size16_time900000_p[0.8, 0.2].out",44221,0,19,32340,368521,409868,719129,16.768852,192687,418411
"trace_random_size128_time90000_p[0.5, 0.5].out",515217,3542,37392,620973,361983,355086,449576,128.039444,92500162891,64080134794
"trace_random_size32_time9000_p[0.2, 0.8].out",129826,595,12221,176954,689721,378280,180352,32.017902,33895505095,10333661785
"trace_random_size32_time90000000_p[0.2, 0.8].out",293062,0,2411,57155,278402,898396,179552,32.011681,214265,545175
"trace_random_size16_time9000_p[0.8, 0.2].out",33363,6,412,42183,484482,284164,720330,16.781569,39821856194,9171666760
"trace_random_size128_time90000000_p[0.2, 0.8].out",1391308,674,57341,632303,277472,628604,180098,127.959946,559631,1173030
"trace_random_size64_time9000000_p[0.8, 0.2].out",209712,0,7683,60999,266509,441716,719713,63.988636,349410,757917
"trace_random_size128_time90000000_p[0.8, 0.2].out",342459,130,12864,179789,170937,486734,719266,128.005951,556446,1156646
"trace_random_size16_time900000_p[0.5, 0.5].out",58063,0,56,26305,357455,641310,449509,16.787197,176371,431706
"trace_random_size8_time900000_p[0.2, 0.8].out",22816,0,8,6499,232528,839600,181057,11.15911,126078,373595
"trace_random_size32_time900000_p[0.2, 0.8].out",292436,0,2350,57548,281161,896155,179649,32.031483,233255,546113
"trace_random_size32_time9000000_p[0.8, 0.2].out",94797,0,536,42015,315064,430621,720394,32.055885,210694,531795
"trace_random_size8_time90000000_p[0.2, 0.8].out",22865,0,0,6495,229974,842451,180078,11.171837,111056,374014
"trace_random_size8_time90000_p[0.8, 0.2].out",20213,0,96,31404,550035,274518,719791,11.153481,1198728971,237915163
"trace_random_size32_time9000_p[0.8, 0.2].out",69927,17,1415,62114,414371,314854,719802,32.016338,53844786403,16523037738
"trace_random_size32_time900000_p[0.5, 0.5].out",187064,0,1576,58356,338051,655243,450266,32.057087,258268,546436
