filename,Normal_page_read_count,Multi-plane_one_shot_read_count,One_shot_read_count,Multi-plane_read_count,Multi-plane_SOML_read_count,SOML_read_count,Write_request_count,Write_request_average_size,Read_request_average_response_time,Write_request_average_response_time
"trace_seq_size8_time9000000_p[0.8, 0.2].out",25508,0,385,22503,13842,206519,720243,11.18881,76985,130582
"trace_seq_size128_time9000_p[0.5, 0.5].out",459021,164,8287,603117,485993,157932,450186,128.023071,113388830278,64079420698
"trace_seq_size32_time9000_p[0.5, 0.5].out",71715,28,2373,149981,374847,190102,450036,32.02919,31911250505,7516127432
"trace_seq_size64_time900000_p[0.5, 0.5].out",614079,0,972,2242,182296,814463,450143,63.991653,310899,666849
"trace_seq_size16_time9000_p[0.8, 0.2].out",28325,3,662,43403,125791,94091,719914,16.766537,13517829034,1653452844
"trace_seq_size32_time9000000_p[0.2, 0.8].out",301876,2,742,34779,63314,1098671,179726,31.975073,148520,538346
"trace_seq_size8_time90000_p[0.5, 0.5].out",21604,0,767,48391,103487,346718,449570,11.195145,211878,217144
"trace_seq_size8_time9000_p[0.2, 0.8].out",8419,22,520,37458,227555,151611,179878,11.185873,3138984169,1050698367
"trace_seq_size128_time900000_p[0.8, 0.2].out",535076,0,352,57464,281018,147941,719521,128.013672,602457,917700
"trace_seq_size128_time90000000_p[0.8, 0.2].out",537470,0,340,54731,281338,146858,720456,127.995102,274655,919078
"trace_seq_size8_time90000_p[0.2, 0.8].out",21283,4,693,31854,87395,564985,180431,11.166696,133956,318609
"trace_seq_size16_time9000000_p[0.8, 0.2].out",42655,0,566,29662,20251,250847,719676,16.785879,98544,191863
"trace_seq_size128_time90000000_p[0.5, 0.5].out",1336023,0,1210,180576,602050,227465,449896,127.987587,278790,1016946
"trace_seq_size128_time90000000_p[0.2, 0.8].out",2121474,0,236,359611,771602,164958,179818,128.003525,282944,1101461
"trace_seq_size32_time90000_p[0.2, 0.8].out",164753,3,655,110836,244074,450096,180356,31.986204,496951,658573
"trace_seq_size64_time9000000_p[0.2, 0.8].out",1044218,1,347,0,119310,1171617,179984,64.037712,185604,763657
"trace_seq_size32_time9000_p[0.8, 0.2].out",63151,8,1044,67006,149691,142671,719940,32.006836,31150231128,5924705400
"trace_seq_size32_time90000000_p[0.8, 0.2].out",109245,0,689,25506,43414,317250,719749,32.005428,143508,333268
"trace_seq_size128_time90000_p[0.5, 0.5].out",461176,83,8226,602460,488095,157574,449907,127.986839,76831544293,43492344200
"trace_seq_size32_time90000_p[0.8, 0.2].out",74149,1,944,56685,131053,168664,720195,32.039417,999874,421798
"trace_seq_size16_time90000_p[0.8, 0.2].out",39200,0,574,32265,51845,189952,720167,16.798443,443711,201150
"trace_seq_size32_time9000_p[0.2, 0.8].out",81326,25,1822,170779,385450,227881,180480,31.98341,21747699771,6179211827
"trace_seq_size8_time9000000_p[0.5, 0.5].out",25150,1,755,46389,53589,520187,449749,11.149608,82495,205508
"trace_seq_size64_time900000_p[0.8, 0.2].out",233267,0,291,197,76364,406574,720046,63.98988,333646,560771
"trace_seq_size128_time900000_p[0.5, 0.5].out",1297626,0,1133,197906,591358,231751,449564,128.003372,530595,1016464
"trace_seq_size8_time900000_p[0.5, 0.5].out",25360,0,769,46064,53047,517429,450823,11.156095,101602,205131
"trace_seq_size8_time900000_p[0.8, 0.2].out",25215,0,449,22372,13504,206008,721109,11.162107,91596,130173
"trace_seq_size16_time90000000_p[0.2, 0.8].out",71121,6,894,37889,43842,956309,180143,16.835958,107321,381561
"trace_seq_size8_time90000000_p[0.8, 0.2].out",25579,0,387,22679,13612,208071,719512,11.168679,77026,130690
"trace_seq_size16_time9000_p[0.2, 0.8].out",19040,23,880,63314,311580,177790,180318,16.76967,7168919420,2143918440
"trace_seq_size128_time9000_p[0.8, 0.2].out",330879,43,1416,167207,253728,125539,719969,128.011856,117440225632,63193265065
"trace_seq_size16_time9000_p[0.5, 0.5].out",24271,34,1199,82110,304311,129198,450719,16.798916,13160477567,2506532107
"trace_seq_size64_time90000000_p[0.5, 0.5].out",619073,0,1022,0,176656,827968,450367,64.023773,184047,666205
"trace_seq_size128_time900000_p[0.2, 0.8].out",2061526,0,245,384426,759760,170718,179873,128.00148,400946,1105123
"trace_seq_size8_time9000_p[0.5, 0.5].out",12754,24,604,53983,242015,100019,449295,11.180664,6439515449,1142049330
"trace_seq_size64_time90000000_p[0.8, 0.2].out",234228,0,299,0,75644,407446,720069,64.013161,182383,559144
"trace_seq_size32_time90000_p[0.5, 0.5].out",81010,14,2335,147614,343971,216354,449569,32.03471,1889659,1036868
"trace_seq_size64_time90000000_p[0.2, 0.8].out",1043543,0,331,0,119694,1171242,180286,63.966087,185643,765037
"trace_seq_size32_time9000000_p[0.8, 0.2].out",112954,0,670,26761,41074,314020,719753,32.022396,143518,333532
"trace_seq_size32_time90000000_p[0.2, 0.8].out",301157,3,722,35408,62526,1096070,180292,32.07019,148375,538596
"trace_seq_size8_time900000_p[0.2, 0.8].out",25667,11,777,29863,44841,853658,180169,11.166403,100555,302114
"trace_seq_size16_time90000000_p[0.8, 0.2].out",42591,0,600,29759,19734,249487,720215,16.771118,98405,191387
"trace_seq_size16_time900000_p[0.2, 0.8].out",70482,2,929,37824,42873,954604,179279,16.807735,126419,381380
"trace_seq_size8_time90000_p[0.8, 0.2].out",24417,0,372,23186,27597,172311,720238,11.171214,261769,134416
"trace_seq_size8_time90000000_p[0.2, 0.8].out",25534,5,790,29787,44885,856899,180024,11.171506,88037,302463
"trace_seq_size128_time90000_p[0.8, 0.2].out",332919,0,1342,166835,254798,125328,719737,128.018936,81441593645,43693793840
"trace_seq_size32_time900000_p[0.2, 0.8].out",300203,1,757,35744,62598,1090717,180205,32.019505,183587,540098
"trace_seq_size16_time9000000_p[0.5, 0.5].out",57655,0,1448,59998,58421,599967,450299,16.784006,102906,281959
"trace_seq_size32_time900000_p[0.8, 0.2].out",108054,0,679,24488,44570,316954,720319,32.033054,205275,333226
"trace_seq_size64_time9000000_p[0.8, 0.2].out",234533,0,291,0,75246,409584,719682,63.984432,182422,560538
"trace_seq_size32_time9000000_p[0.5, 0.5].out",206509,1,2017,52719,97636,718504,450157,31.999844,146032,438498
"trace_seq_size128_time9000_p[0.2, 0.8].out",387563,600,9071,1098189,524253,98744,180908,127.977516,92390927811,54846338438
"trace_seq_size64_time90000_p[0.5, 0.5].out",186290,27,4274,274563,439365,233100,450567,64.008812,24697488838,8995791422
"trace_seq_size64_time9000_p[0.2, 0.8].out",216231,48,4190,459480,454676,177356,180116,63.964684,47173852683,18906018002
"trace_seq_size16_time9000000_p[0.2, 0.8].out",70249,3,867,38028,43506,956876,180166,16.743074,107240,379594
"trace_seq_size128_time9000000_p[0.5, 0.5].out",1336775,0,1123,181545,600706,227467,449679,127.998535,278824,1015750
"trace_seq_size8_time90000000_p[0.5, 0.5].out",25297,0,796,46226,53619,520823,449248,11.161341,82552,205498
"trace_seq_size16_time900000_p[0.8, 0.2].out",42425,0,533,29913,20066,249491,719783,16.774065,124881,191485
"trace_seq_size32_time90000000_p[0.5, 0.5].out",206337,1,1974,51605,100610,720141,449838,32.041325,146138,438720
"trace_seq_size64_time9000_p[0.8, 0.2].out",122770,12,1111,81773,179938,219259,719266,63.977142,60934511354,19917554049
"trace_seq_size64_time90000_p[0.2, 0.8].out",234031,29,4069,448402,448895,189100,180337,64.031837,11251883981,4500862369
"trace_seq_size64_time9000000_p[0.5, 0.5].out",619285,0,970,0,177050,829677,449697,64.007889,184008,666852
"trace_seq_size16_time90000_p[0.5, 0.5].out",42460,0,1269,69202,155509,338470,450037,16.797943,358043,306021
"trace_seq_size16_time90000_p[0.2, 0.8].out",53374,4,741,46217,118301,552903,180357,16.781202,205529,412779
"trace_seq_size128_time90000_p[0.2, 0.8].out",386904,561,9182,1100891,523932,98278,179721,128.019638,55707205535,33232243791
"trace_seq_size128_time9000000_p[0.2, 0.8].out",2122307,0,246,361183,771440,164056,179340,128.004898,282939,1101647
"trace_seq_size8_time9000000_p[0.2, 0.8].out",25846,8,814,29542,44669,855850,179939,11.169279,88033,301593
"trace_seq_size32_time900000_p[0.5, 0.5].out",206080,0,2019,53202,97450,713262,450345,32.056667,209033,439896
"trace_seq_size64_time90000_p[0.8, 0.2].out",123695,0,1035,80038,179522,220400,720168,64.060501,24914871996,8138830136
"trace_seq_size64_time9000_p[0.5, 0.5].out",181850,34,4376,277986,442647,230390,449503,64.059395,60918077903,22121016230
"trace_seq_size16_time90000000_p[0.5, 0.5].out",57714,0,1339,60083,57865,600570,449732,16.800346,102833,281625
"trace_seq_size128_time9000000_p[0.8, 0.2].out",540039,0,355,55494,283472,146711,719530,128.043121,274770,918315
"trace_seq_size64_time900000_p[0.2, 0.8].out",1036955,0,319,3610,127898,1149173,180132,63.985661,250081,765855
"trace_seq_size16_time900000_p[0.5, 0.5].out",56748,0,1330,60165,58402,595707,450375,16.771227,134197,281619
"trace_seq_size8_time9000_p[0.8, 0.2].out",18387,3,457,30485,103597,68810,719325,11.160804,6935508825,666396234
