filename,Normal_page_read_count,Multi-plane_one_shot_read_count,One_shot_read_count,Multi-plane_read_count,Multi-plane_SOML_read_count,SOML_read_count,Write_request_count,Write_request_average_size,Read_request_average_response_time,Write_request_average_response_time
"trace_seq_size8_time9000000_p[0.8, 0.2].out",48873,0,24,6383,28912,201411,720243,11.18881,79010,125990
"trace_seq_size128_time9000_p[0.5, 0.5].out",120987,116,196,847181,346705,167877,450186,128.022583,108970062906,47635451506
"trace_seq_size32_time9000_p[0.5, 0.5].out",52127,14,512,169187,436546,110828,450036,32.028606,30827486504,7435627870
"trace_seq_size64_time900000_p[0.5, 0.5].out",113121,0,212,414806,93411,581005,450143,63.991581,340303,680944
"trace_seq_size16_time9000_p[0.8, 0.2].out",24641,0,55,45862,160507,59733,719914,16.767679,13155295002,1629374386
"trace_seq_size32_time9000000_p[0.2, 0.8].out",198465,1,113,152744,376926,654431,179726,31.975073,165340,495695
"trace_seq_size8_time90000_p[0.5, 0.5].out",49452,3,702,29084,132924,323814,449570,11.195327,220306,270076
"trace_seq_size8_time9000_p[0.2, 0.8].out",12448,6,214,36420,271409,101393,179878,11.185922,3164555997,1087812470
"trace_seq_size128_time900000_p[0.8, 0.2].out",45736,0,9,342437,28448,319864,719521,128.013672,590855,836632
"trace_seq_size128_time90000000_p[0.8, 0.2].out",45208,0,9,340985,28850,320093,720456,127.995102,339610,743099
"trace_seq_size8_time90000_p[0.2, 0.8].out",34716,1,257,22316,150528,494762,180431,11.166533,138887,347382
"trace_seq_size16_time9000000_p[0.8, 0.2].out",73729,0,17,9935,57284,223837,719676,16.785879,102957,186385
"trace_seq_size128_time90000000_p[0.5, 0.5].out",111832,0,30,872301,92044,581751,449896,127.987587,342324,824413
"trace_seq_size128_time90000000_p[0.2, 0.8].out",180413,0,13,1422261,76548,676439,179818,128.003525,345227,884778
"trace_seq_size32_time90000_p[0.2, 0.8].out",125112,0,201,150114,317248,324436,180356,31.985905,517593,805147
"trace_seq_size64_time9000000_p[0.2, 0.8].out",180198,0,47,697846,74130,686027,179984,64.037712,254186,686153
"trace_seq_size32_time9000_p[0.8, 0.2].out",48911,0,69,79890,201045,82373,719940,32.006836,30213773955,5953137142
"trace_seq_size32_time90000000_p[0.8, 0.2].out",121554,0,23,31834,101680,236016,719749,32.005428,157794,332908
"trace_seq_size128_time90000_p[0.5, 0.5].out",121518,2,150,847443,348422,167532,449907,127.986679,72443041182,31692964519
"trace_seq_size32_time90000_p[0.8, 0.2].out",60228,0,40,70691,180477,107467,720195,32.039246,947453,494211
"trace_seq_size16_time90000_p[0.8, 0.2].out",58463,0,21,21526,89414,155120,720167,16.797335,440300,258222
"trace_seq_size32_time9000_p[0.2, 0.8].out",48676,4,458,198849,471749,117883,180480,31.983587,21437607039,6136526496
"trace_seq_size8_time9000000_p[0.5, 0.5].out",62049,0,705,19829,96273,493871,449749,11.149608,84936,189421
"trace_seq_size64_time900000_p[0.8, 0.2].out",45467,0,15,158684,31489,322648,720046,63.989906,358001,597016
"trace_seq_size128_time900000_p[0.5, 0.5].out",113010,0,30,870787,96597,565048,449564,128.003372,533095,871990
"trace_seq_size8_time900000_p[0.5, 0.5].out",61819,1,734,19726,96815,489993,450823,11.155958,97799,191133
"trace_seq_size8_time900000_p[0.8, 0.2].out",48606,0,28,6438,28902,200321,721109,11.161826,90938,125811
"trace_seq_size16_time90000000_p[0.2, 0.8].out",84389,0,244,34190,265132,731135,180143,16.835958,112893,344425
"trace_seq_size8_time90000000_p[0.8, 0.2].out",49114,0,31,6443,29294,202394,719512,11.168679,79070,126010
"trace_seq_size16_time9000_p[0.2, 0.8].out",20303,1,274,66573,373734,105687,180318,16.769562,7160029310,2173806213
"trace_seq_size128_time9000_p[0.8, 0.2].out",60718,42,22,334852,123381,195390,719969,128.011856,113925032228,48501807219
"trace_seq_size16_time9000_p[0.5, 0.5].out",27040,18,497,84775,339643,84404,450719,16.798414,12958160124,2536698588
"trace_seq_size64_time90000000_p[0.5, 0.5].out",112782,0,201,417000,89052,590325,450367,64.023773,249274,632358
"trace_seq_size128_time900000_p[0.2, 0.8].out",179496,0,7,1420378,79658,659625,179873,128.001373,429998,915010
"trace_seq_size8_time9000_p[0.5, 0.5].out",17678,11,379,52593,262451,74959,449295,11.180769,6513931021,1186456766
"trace_seq_size64_time90000000_p[0.8, 0.2].out",45015,0,16,159246,30118,324542,720069,64.013161,244383,564314
"trace_seq_size32_time90000_p[0.5, 0.5].out",68678,14,463,163208,389680,154513,449569,32.034428,1200285,848536
"trace_seq_size64_time90000000_p[0.2, 0.8].out",180081,0,58,697606,73754,686248,180286,63.966087,254178,686657
"trace_seq_size32_time9000000_p[0.8, 0.2].out",126980,0,18,32363,101316,230503,719753,32.022396,157889,332807
"trace_seq_size32_time90000000_p[0.2, 0.8].out",199535,1,113,152052,376398,652365,180292,32.07019,165087,494676
"trace_seq_size8_time900000_p[0.2, 0.8].out",43253,0,311,17993,165512,740574,180169,11.166247,99012,276701
"trace_seq_size16_time90000000_p[0.8, 0.2].out",73971,0,18,9874,56718,222637,720215,16.771118,102811,186147
"trace_seq_size16_time900000_p[0.2, 0.8].out",83783,0,259,33955,266889,726928,179279,16.807642,124862,351851
"trace_seq_size8_time90000_p[0.8, 0.2].out",42094,0,37,11658,48951,156616,720238,11.171297,262251,159705
"trace_seq_size8_time90000000_p[0.2, 0.8].out",43456,0,313,17750,165567,743830,180024,11.171506,90913,272327
"trace_seq_size128_time90000_p[0.8, 0.2].out",60841,0,11,335124,124692,195395,719737,128.021805,78023386779,33075420613
"trace_seq_size32_time900000_p[0.2, 0.8].out",197454,0,116,153035,376504,646798,180205,32.019718,187187,513967
"trace_seq_size16_time9000000_p[0.5, 0.5].out",104767,0,616,31981,162156,507648,450299,16.784006,107919,262564
"trace_seq_size32_time900000_p[0.8, 0.2].out",118573,0,14,31850,101660,236631,720319,32.0326,205815,344296
"trace_seq_size64_time9000000_p[0.8, 0.2].out",44894,0,13,159726,30676,325175,719682,63.984432,244430,564154
"trace_seq_size32_time9000000_p[0.5, 0.5].out",194863,0,478,95321,258818,488383,450157,31.999844,161601,420145
"trace_seq_size128_time9000_p[0.2, 0.8].out",106582,374,663,1370835,274242,97260,180908,127.978172,90628391584,41623751752
"trace_seq_size64_time90000_p[0.5, 0.5].out",80016,7,386,383033,410577,155481,450567,64.009254,22659746964,7899176006
"trace_seq_size64_time9000_p[0.2, 0.8].out",83994,28,928,609518,365473,96630,180116,63.96476,45736792766,16602456265
"trace_seq_size16_time9000000_p[0.2, 0.8].out",83581,0,231,34153,265856,730865,180166,16.743074,112819,342520
"trace_seq_size128_time9000000_p[0.5, 0.5].out",112503,0,34,872633,92404,581132,449679,127.998535,342471,824594
"trace_seq_size8_time90000000_p[0.5, 0.5].out",61830,0,730,19955,97082,493568,449248,11.161341,85009,189675
"trace_seq_size16_time900000_p[0.8, 0.2].out",73963,0,10,9953,56886,222591,719783,16.774063,123037,187694
"trace_seq_size32_time90000000_p[0.5, 0.5].out",192754,0,490,95367,259532,491737,449838,32.041325,161728,420821
"trace_seq_size64_time9000_p[0.8, 0.2].out",43618,9,95,155167,174979,158047,719266,63.977119,59256117276,19583000791
"trace_seq_size64_time90000_p[0.2, 0.8].out",90709,21,922,605595,361153,103265,180337,64.032997,9853922567,3598148156
"trace_seq_size64_time9000000_p[0.5, 0.5].out",112929,0,204,417620,88832,591305,449697,64.007889,249225,632835
"trace_seq_size16_time90000_p[0.5, 0.5].out",73203,2,558,52191,205318,289144,450037,16.797848,369343,403226
"trace_seq_size16_time90000_p[0.2, 0.8].out",59107,1,198,43052,204517,446301,180357,16.781361,213830,570489
"trace_seq_size128_time90000_p[0.2, 0.8].out",106565,476,689,1373016,273586,97487,179721,128.020859,53984010445,24423796044
"trace_seq_size128_time9000000_p[0.2, 0.8].out",180299,0,12,1423610,76010,677339,179340,128.004898,345348,884502
"trace_seq_size8_time9000000_p[0.2, 0.8].out",43366,1,292,17783,164393,743726,179939,11.169279,90891,271089
"trace_seq_size32_time900000_p[0.5, 0.5].out",193750,0,492,96082,259189,482589,450345,32.056694,205156,445921
"trace_seq_size64_time90000_p[0.8, 0.2].out",43232,0,80,154374,174022,159077,720168,64.05899,23223449459,7665535855
"trace_seq_size64_time9000_p[0.5, 0.5].out",78951,19,371,384203,414744,153585,449503,64.058701,58855686499,20454071855
"trace_seq_size16_time90000000_p[0.5, 0.5].out",104571,0,644,32263,161928,507376,449732,16.800346,107859,262569
"trace_seq_size128_time9000000_p[0.8, 0.2].out",45224,0,5,342887,29236,322025,719530,128.043121,339434,743173
"trace_seq_size64_time900000_p[0.2, 0.8].out",179654,0,43,695443,75648,676372,180132,63.986042,296112,716002
"trace_seq_size16_time900000_p[0.5, 0.5].out",104269,0,668,31821,161767,503258,450375,16.770916,129155,268902
"trace_seq_size8_time9000_p[0.8, 0.2].out",17032,0,49,31847,124806,47243,719325,11.160947,6771200742,654676967
