filename,Normal_page_read_count,Multi-plane_one_shot_read_count,One_shot_read_count,Multi-plane_read_count,Multi-plane_SOML_read_count,SOML_read_count,Write_request_count,Write_request_average_size,Read_request_average_response_time,Write_request_average_response_time
"trace_random_size128_time9000000_p[0.8, 0.2].out",241215,1244,34610,205432,72011,560710,719737,128.008774,523265,1341429
"trace_random_size64_time9000_p[0.8, 0.2].out",110261,2965,10322,128198,313982,334261,720106,63.99715,79268407482,38909269489
"trace_random_size8_time9000_p[0.2, 0.8].out",10888,2298,3624,17505,701234,335444,179519,11.167838,18450086855,3782612769
"trace_random_size16_time900000_p[0.2, 0.8].out",78161,0,296,11763,172217,973021,180108,16.774506,144784,406319
"trace_random_size32_time9000000_p[0.2, 0.8].out",282297,0,6979,63379,201696,958837,180970,32.027451,195912,542947
"trace_random_size8_time900000_p[0.5, 0.5].out",29961,0,48,9807,217703,772404,450001,11.166183,134518,361347
"trace_random_size32_time9000_p[0.5, 0.5].out",74156,7505,5564,136155,626405,267148,449913,32.031208,41832116673,13584882867
"trace_random_size128_time9000000_p[0.2, 0.8].out",1091947,5102,188260,621505,172025,638356,179717,128.004257,523854,1357917
"trace_random_size8_time90000_p[0.5, 0.5].out",19694,620,754,19288,522427,452347,450113,11.167983,680805,569814
"trace_random_size64_time9000000_p[0.2, 0.8].out",668917,0,94867,197261,210431,745262,180070,64.042892,322193,817929
"trace_random_size64_time9000000_p[0.5, 0.5].out",384797,0,54563,170034,164167,671124,450214,63.985874,318518,818869
"trace_random_size8_time9000000_p[0.8, 0.2].out",37823,0,3,14984,241739,597955,719835,11.167713,104906,356180
"trace_random_size128_time90000_p[0.2, 0.8].out",296262,105459,63870,1001166,440137,174637,180091,128.023056,62726533968,51635308376
"trace_random_size64_time90000_p[0.8, 0.2].out",110987,2856,10352,127399,313183,335717,720381,64.036156,43053593143,21178192743
"trace_random_size16_time9000000_p[0.8, 0.2].out",60728,0,54,17577,209676,580435,719346,16.759941,129806,407201
"trace_random_size16_time90000000_p[0.8, 0.2].out",60573,0,68,17749,209540,580933,720102,16.768063,130242,407292
"trace_random_size64_time90000000_p[0.2, 0.8].out",667885,0,95416,198107,208233,747518,179127,64.029213,322320,818975
"trace_random_size32_time90000_p[0.8, 0.2].out",61103,685,3157,67875,418256,299218,719398,31.988329,15233269623,4948291246
"trace_random_size128_time900000_p[0.8, 0.2].out",243295,1423,34350,204295,75181,557973,719998,128.049194,761612,1440912
"trace_random_size8_time900000_p[0.8, 0.2].out",38009,0,3,15077,242109,597240,719842,11.172132,148327,356139
"trace_random_size8_time9000000_p[0.5, 0.5].out",29763,0,6,9614,215402,774895,449311,11.164676,105110,360942
"trace_random_size128_time900000_p[0.2, 0.8].out",1079720,5415,188422,628420,172380,634504,179527,127.967583,582902,1389910
"trace_random_size32_time90000000_p[0.5, 0.5].out",185141,0,4280,57793,223633,764009,450495,32.001141,193570,546861
"trace_random_size8_time90000000_p[0.8, 0.2].out",37590,0,1,15106,242189,597435,720237,11.162965,104942,356012
"trace_random_size64_time90000_p[0.2, 0.8].out",184287,40405,25762,494437,615128,195257,180391,64.065384,17594087586,8671228935
"trace_random_size128_time90000000_p[0.5, 0.5].out",625418,3048,100369,457722,125863,623286,449211,128.014008,523232,1355293
"trace_random_size8_time90000_p[0.2, 0.8].out",21014,588,929,8070,313414,751296,179438,11.19776,345613,481149
"trace_random_size128_time90000_p[0.8, 0.2].out",178753,11748,23453,242219,221212,370139,720085,128.002029,98933666713,81751437592
"trace_random_size64_time900000_p[0.2, 0.8].out",664648,48,94434,199861,210096,744816,180367,63.997509,353644,821332
"trace_random_size16_time9000000_p[0.5, 0.5].out",68243,0,120,16338,220119,785940,449979,16.772581,130179,414912
"trace_random_size64_time9000_p[0.2, 0.8].out",181865,40338,24643,496333,618420,195065,180257,63.976742,53927903247,26563562199
"trace_random_size64_time90000000_p[0.5, 0.5].out",384743,0,53463,170583,165319,670690,450614,63.96666,318170,818670
"trace_random_size16_time90000000_p[0.2, 0.8].out",77954,0,192,11659,171301,973827,179411,16.766605,130876,405470
"trace_random_size64_time900000_p[0.5, 0.5].out",384022,33,53980,171594,165952,669235,450034,63.980034,393422,827377
"trace_random_size64_time9000_p[0.5, 0.5].out",169409,21146,16163,309461,487002,272030,450330,64.012634,67143448536,32994133948
"trace_random_size16_time9000000_p[0.2, 0.8].out",77276,0,187,11504,171776,975337,179335,16.777813,130987,406487
"trace_random_size16_time90000_p[0.8, 0.2].out",33680,287,1176,41788,481290,283413,719890,16.768311,2814398041,681092724
"trace_random_size16_time9000_p[0.2, 0.8].out",29773,6570,5860,52364,737645,316724,180205,16.759487,23073318402,5557666726
"trace_random_size64_time900000_p[0.8, 0.2].out",162135,6,19790,84111,110248,564207,719920,64.014214,429534,820564
"trace_random_size16_time90000_p[0.2, 0.8].out",58136,2401,3269,28611,414685,692648,179942,16.785223,470883,591402
"trace_random_size128_time900000_p[0.5, 0.5].out",619265,3737,98886,461037,127590,618893,449898,128.009674,675793,1427597
"trace_random_size8_time9000_p[0.5, 0.5].out",12725,1096,1646,25586,705320,259215,450114,11.176891,25366099983,5226559142
"trace_random_size128_time9000_p[0.8, 0.2].out",177203,11878,23229,242936,220078,369273,720309,128.023239,135605654545,111608401493
"trace_random_size8_time90000000_p[0.5, 0.5].out",29943,0,5,9703,215055,774688,449988,11.174069,105146,361536
"trace_random_size128_time9000_p[0.2, 0.8].out",296076,105403,64781,999031,439440,175031,180770,128.019272,99271540652,81692122055
"trace_random_size32_time90000_p[0.2, 0.8].out",115263,13290,10457,173557,667634,351099,180399,32.019318,1117202,965889
"trace_random_size128_time9000_p[0.5, 0.5].out",299629,60004,43975,596930,336965,285139,449809,128.036713,118077310322,97031276079
"trace_random_size32_time900000_p[0.8, 0.2].out",103620,0,1717,33466,189333,560990,720394,32.033974,261394,538325
"trace_random_size16_time9000_p[0.5, 0.5].out",27618,2686,2738,52123,685344,265700,450960,16.778366,29984310796,7238130617
"trace_random_size16_time90000000_p[0.5, 0.5].out",67710,0,139,16159,219626,787631,450231,16.765198,130192,414562
"trace_random_size8_time9000000_p[0.2, 0.8].out",25290,0,15,4100,142877,931923,179933,11.163061,105521,348192
"trace_random_size64_time90000_p[0.5, 0.5].out",170888,20950,16702,309339,484346,275109,449703,64.019966,30909357314,15196504854
"trace_random_size32_time90000000_p[0.8, 0.2].out",103111,0,1740,33581,190388,560812,720123,32.008244,192534,537707
"trace_random_size32_time90000_p[0.5, 0.5].out",76028,6945,5453,136080,621147,274232,450083,32.061966,6327546178,2048802322
"trace_random_size16_time90000_p[0.5, 0.5].out",36584,2090,2124,44972,594041,368210,449961,16.752111,865742,696774
"trace_random_size8_time9000_p[0.8, 0.2].out",21030,70,601,30761,546887,276217,719683,11.156316,32833117684,6779490569
"trace_random_size32_time9000000_p[0.5, 0.5].out",185301,0,4180,57581,224090,765815,450066,31.999882,193655,547224
"trace_random_size128_time9000000_p[0.5, 0.5].out",625977,3115,99871,457304,125461,624208,449483,127.974159,523560,1354961
"trace_random_size64_time90000000_p[0.8, 0.2].out",162766,0,19893,84263,109011,565074,719762,63.998981,316223,808129
"trace_random_size16_time900000_p[0.8, 0.2].out",60305,0,58,17612,210247,581275,719129,16.767908,179115,407288
"trace_random_size128_time90000_p[0.5, 0.5].out",300107,60017,43752,596887,338262,284137,449576,128.042114,81514842554,67041472222
"trace_random_size32_time9000_p[0.2, 0.8].out",90151,16968,9911,190029,722882,267294,180352,32.018318,33349106956,10767602391
"trace_random_size32_time90000000_p[0.2, 0.8].out",282574,0,6907,63304,201195,960254,179552,32.011681,195883,543296
"trace_random_size16_time9000_p[0.8, 0.2].out",33557,251,1343,42122,482602,281614,720330,16.78138,37785063734,9137348427
"trace_random_size128_time90000000_p[0.2, 0.8].out",1090731,5167,187861,621174,171877,638502,180098,127.959946,523710,1357260
"trace_random_size64_time9000000_p[0.8, 0.2].out",162395,0,19958,83873,108759,564197,719713,63.988636,315981,807454
"trace_random_size128_time90000000_p[0.8, 0.2].out",241501,1259,34377,206429,72107,561914,719266,128.005951,523596,1341520
"trace_random_size16_time900000_p[0.5, 0.5].out",68606,0,169,16542,220504,786829,449509,16.786877,163572,415335
"trace_random_size8_time900000_p[0.2, 0.8].out",25288,0,38,4127,143660,930516,181057,11.159022,117170,347887
"trace_random_size32_time900000_p[0.2, 0.8].out",282168,1,7171,63247,203864,957813,179649,32.031555,215123,543604
"trace_random_size32_time9000000_p[0.8, 0.2].out",103574,0,1559,33203,189775,561634,720394,32.055885,192457,537785
"trace_random_size8_time90000000_p[0.2, 0.8].out",25399,0,9,4060,141789,932824,180078,11.171837,105527,348447
"trace_random_size8_time90000_p[0.8, 0.2].out",22382,83,398,29715,533099,291022,719791,11.153433,333903174,69295651
"trace_random_size32_time9000_p[0.8, 0.2].out",60571,768,3241,68115,420669,295865,719802,32.016197,50801889060,16533018629
"trace_random_size32_time900000_p[0.5, 0.5].out",184750,1,4430,58398,224768,762136,450266,32.057449,239478,547976
