filename,Normal_page_read_count,Multi-plane_one_shot_read_count,One_shot_read_count,Multi-plane_read_count,Multi-plane_SOML_read_count,SOML_read_count,Write_request_count,Write_request_average_size,Read_request_average_response_time,Write_request_average_response_time
"trace_random_size128_time9000000_p[0.8, 0.2].out",264869,17,22902,207640,74615,572522,719737,128.008774,525026,1341435
"trace_random_size64_time9000_p[0.8, 0.2].out",117596,1297,3089,132684,318876,344767,720106,63.9977,79259964348,38905138076
"trace_random_size8_time9000_p[0.2, 0.8].out",10874,59,69,17979,721863,337982,179519,11.167771,18306970366,3754310162
"trace_random_size16_time900000_p[0.2, 0.8].out",78377,0,3,11763,172217,973684,180108,16.774506,144749,406319
"trace_random_size32_time9000000_p[0.2, 0.8].out",289273,0,43,63354,201842,972573,180970,32.027451,195581,542938
"trace_random_size8_time900000_p[0.5, 0.5].out",29971,0,2,9807,217703,772532,450001,11.166183,134499,361347
"trace_random_size32_time9000_p[0.5, 0.5].out",76240,1768,1261,142213,652307,274382,449913,32.031773,41794950707,13572851105
"trace_random_size128_time9000000_p[0.2, 0.8].out",1215567,48,126424,631591,182185,700236,179717,128.004257,526046,1357904
"trace_random_size8_time90000_p[0.5, 0.5].out",19852,26,20,19240,526899,453575,450113,11.167895,679129,569638
"trace_random_size64_time9000000_p[0.2, 0.8].out",763427,0,23541,197279,210446,864679,180070,64.042892,322650,817932
"trace_random_size64_time9000000_p[0.5, 0.5].out",438916,0,13453,170086,164394,740004,450214,63.985874,318992,818895
"trace_random_size8_time9000000_p[0.8, 0.2].out",37826,0,0,14984,241739,597961,719835,11.167713,104905,356180
"trace_random_size128_time90000_p[0.2, 0.8].out",319470,79522,45544,1059863,492177,192595,180091,128.020935,62632758320,51558096128
"trace_random_size64_time90000_p[0.8, 0.2].out",118643,1293,3055,131753,317402,346402,720381,64.036835,43028969887,21166082558
"trace_random_size16_time9000000_p[0.8, 0.2].out",60781,0,0,17577,209676,580544,719346,16.759941,129793,407201
"trace_random_size16_time90000000_p[0.8, 0.2].out",60640,0,0,17749,209540,581070,720102,16.768063,130225,407292
"trace_random_size64_time90000000_p[0.2, 0.8].out",763018,0,23664,198018,208548,867504,179127,64.029213,322815,818966
"trace_random_size32_time90000_p[0.8, 0.2].out",62404,149,663,68541,422318,303222,719398,31.988323,15203728851,4938706970
"trace_random_size128_time900000_p[0.8, 0.2].out",266497,132,22705,206932,77279,570080,719998,128.049759,763972,1441491
"trace_random_size8_time900000_p[0.8, 0.2].out",38010,0,0,15077,242109,597248,719842,11.172132,148324,356139
"trace_random_size8_time9000000_p[0.5, 0.5].out",29769,0,0,9614,215402,774907,449311,11.164676,105109,360942
"trace_random_size128_time900000_p[0.2, 0.8].out",1201089,479,127470,638719,182226,695163,179527,127.967728,585488,1389929
"trace_random_size32_time90000000_p[0.5, 0.5].out",189287,0,28,57894,223574,772476,450495,32.001141,193226,546886
"trace_random_size8_time90000000_p[0.8, 0.2].out",37591,0,0,15106,242189,597437,720237,11.162965,104942,356012
"trace_random_size64_time90000_p[0.2, 0.8].out",197456,19734,8930,534164,678519,213765,180391,64.066483,17489435153,8619627245
"trace_random_size128_time90000000_p[0.5, 0.5].out",692916,33,66759,463478,131817,657242,449211,128.014008,525139,1355264
"trace_random_size8_time90000_p[0.2, 0.8].out",21028,17,18,8173,316000,754646,179438,11.197904,344057,487795
"trace_random_size128_time90000_p[0.8, 0.2].out",191736,8343,16091,250670,226755,377228,720085,128.002029,98994667447,81801773787
"trace_random_size64_time900000_p[0.2, 0.8].out",758354,18,23375,200194,210254,863643,180367,63.997509,353928,821499
"trace_random_size16_time9000000_p[0.5, 0.5].out",68362,0,0,16338,220119,786181,449979,16.772581,130167,414912
"trace_random_size64_time9000_p[0.2, 0.8].out",193402,19802,8819,536173,680360,212595,180257,63.976479,53750342975,26476358170
"trace_random_size64_time90000000_p[0.5, 0.5].out",438267,0,12924,170712,164864,738980,450614,63.96666,318559,818666
"trace_random_size16_time90000000_p[0.2, 0.8].out",78145,0,0,11659,171301,974212,179411,16.766605,130864,405470
"trace_random_size64_time900000_p[0.5, 0.5].out",437555,13,13283,171824,167072,736333,450034,63.980034,394431,827161
"trace_random_size64_time9000_p[0.5, 0.5].out",179677,10581,5678,329415,519081,284620,450330,64.012932,67158275901,33001427138
"trace_random_size16_time9000000_p[0.2, 0.8].out",77463,0,0,11504,171776,975711,179335,16.777813,130976,406487
"trace_random_size16_time90000_p[0.8, 0.2].out",33601,21,101,42103,483964,285003,719890,16.76759,2790481413,675308394
"trace_random_size16_time9000_p[0.2, 0.8].out",30076,439,375,55045,779589,322354,180205,16.759411,22852699005,5505218608
"trace_random_size64_time900000_p[0.8, 0.2].out",181966,3,4800,84211,109595,589817,719920,64.014214,430258,820716
"trace_random_size16_time90000_p[0.2, 0.8].out",58425,171,243,29518,429097,698589,179942,16.785597,468974,587884
"trace_random_size128_time900000_p[0.5, 0.5].out",684502,566,65971,467715,133793,651868,449898,128.009674,677217,1427741
"trace_random_size8_time9000_p[0.5, 0.5].out",12796,27,46,25729,714051,261334,450114,11.176825,25298873551,5212968019
"trace_random_size128_time9000_p[0.8, 0.2].out",191067,8509,16128,249752,226854,376517,720309,128.023239,135710121581,111694403799
"trace_random_size8_time90000000_p[0.5, 0.5].out",29948,0,0,9703,215055,774698,449988,11.174069,105145,361536
"trace_random_size128_time9000_p[0.2, 0.8].out",320574,79249,45876,1058370,490662,194282,180770,128.01857,99214429405,81645145970
"trace_random_size32_time90000_p[0.2, 0.8].out",120438,3209,1885,183517,714440,365394,180399,32.01973,1099725,960116
"trace_random_size128_time9000_p[0.5, 0.5].out",319650,44925,31110,629481,368431,297615,449809,128.034302,118203372519,97134921207
"trace_random_size32_time900000_p[0.8, 0.2].out",105154,0,14,33609,189292,564320,720394,32.034515,260433,538352
"trace_random_size16_time9000_p[0.5, 0.5].out",27999,193,232,52894,703018,268583,450960,16.77837,29882910569,7213740797
"trace_random_size16_time90000000_p[0.5, 0.5].out",67844,0,0,16159,219626,787914,450231,16.765198,130178,414562
"trace_random_size8_time9000000_p[0.2, 0.8].out",25305,0,0,4100,142877,931953,179933,11.163061,105521,348192
"trace_random_size64_time90000_p[0.5, 0.5].out",181540,10173,5809,329863,517977,287115,449703,64.02124,30940004023,15211583234
"trace_random_size32_time90000000_p[0.8, 0.2].out",104847,0,11,33581,190388,564263,720123,32.008244,192196,537707
"trace_random_size32_time90000_p[0.5, 0.5].out",78461,1665,1237,141181,647294,279782,450083,32.061993,6279181356,2033128052
"trace_random_size16_time90000_p[0.5, 0.5].out",36719,137,157,45811,606329,371726,449961,16.751945,862423,696476
"trace_random_size8_time9000_p[0.8, 0.2].out",20925,0,7,30917,548158,276939,719683,11.155959,32810226121,6774839273
"trace_random_size32_time9000000_p[0.5, 0.5].out",189377,0,25,57657,224375,773767,450066,31.999882,193281,547242
"trace_random_size128_time9000000_p[0.5, 0.5].out",692249,30,66848,463104,131715,657661,449483,127.974159,525374,1354931
"trace_random_size64_time90000000_p[0.8, 0.2].out",182517,0,4868,84293,108684,590665,719762,63.998981,316615,808118
"trace_random_size16_time900000_p[0.8, 0.2].out",60356,0,1,17612,210247,581395,719129,16.767908,179098,407288
"trace_random_size128_time90000_p[0.5, 0.5].out",320118,44576,31223,630502,369463,295928,449576,128.03656,81661297817,67162169837
"trace_random_size32_time9000_p[0.2, 0.8].out",92313,4215,1980,204094,784885,275313,180352,32.018738,33177208173,10712253429
"trace_random_size32_time90000000_p[0.2, 0.8].out",289472,0,34,63304,201195,973975,179552,32.011681,195544,543296
"trace_random_size16_time9000_p[0.8, 0.2].out",33773,14,116,42141,485010,284055,720330,16.781237,37769141330,9133507881
"trace_random_size128_time90000000_p[0.2, 0.8].out",1213641,63,126236,631485,182028,700318,180098,127.959946,525874,1357279
"trace_random_size64_time9000000_p[0.8, 0.2].out",182267,0,4839,83903,108854,589527,719713,63.988636,316490,807450
"trace_random_size128_time90000000_p[0.8, 0.2].out",264626,15,22810,208747,75027,573398,719266,128.005951,525632,1341529
"trace_random_size16_time900000_p[0.5, 0.5].out",68818,0,4,16455,220498,787292,449509,16.787184,163383,415387
"trace_random_size8_time900000_p[0.2, 0.8].out",25288,0,0,4143,143644,930614,181057,11.159022,117281,347934
"trace_random_size32_time900000_p[0.2, 0.8].out",289201,0,79,63258,204034,971870,179649,32.031555,214624,543544
"trace_random_size32_time9000000_p[0.8, 0.2].out",105128,0,11,33203,189775,564724,720394,32.055885,192149,537785
"trace_random_size8_time90000000_p[0.2, 0.8].out",25407,0,0,4060,141789,932843,180078,11.171837,105526,348447
"trace_random_size8_time90000_p[0.8, 0.2].out",22251,1,11,29908,534659,290857,719791,11.153768,324571092,67378599
"trace_random_size32_time9000_p[0.8, 0.2].out",61785,200,660,68953,422238,302555,719802,32.016193,50777284226,16525052655
"trace_random_size32_time900000_p[0.5, 0.5].out",189056,0,54,58423,225037,770645,450266,32.057449,239343,547972
