filename,Normal_page_read_count,Multi-plane_one_shot_read_count,One_shot_read_count,Multi-plane_read_count,Multi-plane_SOML_read_count,SOML_read_count,Write_request_count,Write_request_average_size,Read_request_average_response_time,Write_request_average_response_time
"trace_seq_size8_time9000000_p[0.8, 0.2].out",38141,17,2351,9588,15554,212003,720243,11.18881,84167,130257
"trace_seq_size128_time9000_p[0.5, 0.5].out",170385,133381,24036,385201,299228,201811,450186,128.018936,108179007629,80998356538
"trace_seq_size32_time9000_p[0.5, 0.5].out",56056,9343,3777,138611,428562,107825,450036,32.028633,30946567979,7796414045
"trace_seq_size64_time900000_p[0.5, 0.5].out",484522,3,24393,59470,259943,680503,450143,63.991718,408183,736413
"trace_seq_size16_time9000_p[0.8, 0.2].out",23822,1678,1999,36847,142563,80053,719914,16.766922,13682740849,1702831343
"trace_seq_size32_time9000000_p[0.2, 0.8].out",302385,7,1590,45080,180628,957653,179726,31.975073,202339,533110
"trace_seq_size8_time90000_p[0.5, 0.5].out",39572,402,3059,29529,99384,347272,449570,11.195166,199904,228103
"trace_seq_size8_time9000_p[0.2, 0.8].out",16182,625,735,31063,287487,76881,179878,11.185832,3517585323,1282674668
"trace_seq_size128_time900000_p[0.8, 0.2].out",288882,250,38186,137610,108708,289097,719521,128.012115,716148,1178543
"trace_seq_size128_time90000000_p[0.8, 0.2].out",293601,8,37639,135183,108934,290282,720456,127.995102,542554,1144516
"trace_seq_size8_time90000_p[0.2, 0.8].out",30718,125,1262,21120,93237,529523,180431,11.166745,125064,297206
"trace_seq_size16_time9000000_p[0.8, 0.2].out",57764,23,3618,12371,29400,251868,719676,16.785879,114518,192745
"trace_seq_size128_time90000000_p[0.5, 0.5].out",743831,50,93527,355631,211966,582379,449896,127.987587,548911,1268395
"trace_seq_size128_time90000000_p[0.2, 0.8].out",1200602,125,150228,595492,276590,658350,179818,128.003525,554988,1384776
"trace_seq_size32_time90000_p[0.2, 0.8].out",132878,9599,4749,108826,321484,302538,180356,31.986376,632647,782222
"trace_seq_size64_time9000000_p[0.2, 0.8].out",809079,0,47963,99879,338260,845198,179984,64.037712,357122,840031
"trace_seq_size32_time9000_p[0.8, 0.2].out",51153,2189,4135,60504,177205,116980,719940,32.006615,31558810446,6256795542
"trace_seq_size32_time90000000_p[0.8, 0.2].out",120024,10,3210,18173,57458,299466,719749,32.005428,190745,343344
"trace_seq_size128_time90000_p[0.5, 0.5].out",170574,133721,24228,384619,299508,201744,449907,127.986664,71601747949,53689557372
"trace_seq_size32_time90000_p[0.8, 0.2].out",58618,2147,4136,55236,159497,135333,720195,32.038513,954234,492103
"trace_seq_size16_time90000_p[0.8, 0.2].out",46689,269,3527,20733,63961,180152,720167,16.797533,433275,237927
"trace_seq_size32_time9000_p[0.2, 0.8].out",76645,15150,4604,141675,421292,152666,180480,31.983335,24224513576,7505027662
"trace_seq_size8_time9000000_p[0.5, 0.5].out",46018,322,3424,25002,57594,528136,449749,11.149608,91196,199978
"trace_seq_size64_time900000_p[0.8, 0.2].out",190176,0,7525,20803,120255,342149,720046,63.989944,411694,616905
"trace_seq_size128_time900000_p[0.5, 0.5].out",715443,2330,94994,359990,209124,569634,449564,127.998329,677216,1327531
"trace_seq_size8_time900000_p[0.5, 0.5].out",45565,312,3502,25158,58286,523771,450823,11.156033,105481,199593
"trace_seq_size8_time900000_p[0.8, 0.2].out",38083,20,2303,9655,15728,210651,721109,11.162263,97574,129878
"trace_seq_size16_time90000000_p[0.2, 0.8].out",85656,34,1625,24865,111092,898185,180143,16.835958,127227,360993
"trace_seq_size8_time90000000_p[0.8, 0.2].out",37843,17,2411,9903,15768,213027,719512,11.168679,84315,130317
"trace_seq_size16_time9000_p[0.2, 0.8].out",28976,2029,1306,52128,369292,106831,180318,16.769655,8219758472,2656829939
"trace_seq_size128_time9000_p[0.8, 0.2].out",163724,28200,23123,155906,143710,188383,719969,128.012115,116960723292,82098954110
"trace_seq_size16_time9000_p[0.5, 0.5].out",26056,3094,1874,71883,347816,77519,450719,16.798578,12758956241,2553240961
"trace_seq_size64_time90000000_p[0.5, 0.5].out",491872,0,24663,56824,260200,687050,450367,64.023773,347641,734504
"trace_seq_size128_time900000_p[0.2, 0.8].out",1166638,4205,150400,596998,273998,644561,179873,128.001373,610955,1427185
"trace_seq_size8_time9000_p[0.5, 0.5].out",17085,1876,1075,46471,272318,61583,449295,11.180655,6229971890,1153623700
"trace_seq_size64_time90000000_p[0.8, 0.2].out",191135,0,7626,20623,120392,342562,720069,64.013161,337960,615978
"trace_seq_size32_time90000_p[0.5, 0.5].out",69715,8290,4375,135162,388189,146198,449569,32.034962,1297421,882860
"trace_seq_size64_time90000000_p[0.2, 0.8].out",809262,0,47562,99895,338704,845020,180286,63.966087,357175,839929
"trace_seq_size32_time9000000_p[0.8, 0.2].out",124472,8,3179,19165,56122,295068,719753,32.022396,191009,343303
"trace_seq_size32_time90000000_p[0.2, 0.8].out",302443,13,1613,45402,179502,955067,180292,32.07019,201942,533181
"trace_seq_size8_time900000_p[0.2, 0.8].out",38121,77,1209,19107,76494,829340,180169,11.166296,106199,283078
"trace_seq_size16_time90000000_p[0.8, 0.2].out",57562,25,3556,12723,29174,250126,720215,16.771118,114234,192464
"trace_seq_size16_time900000_p[0.2, 0.8].out",85156,41,1573,24767,110806,895714,179279,16.807642,138655,360420
"trace_seq_size8_time90000_p[0.8, 0.2].out",35243,48,2234,12239,30770,172188,720238,11.171391,255501,144868
"trace_seq_size8_time90000000_p[0.2, 0.8].out",37997,47,1247,19110,76638,832392,180024,11.171506,98277,282666
"trace_seq_size128_time90000_p[0.8, 0.2].out",165765,27936,23098,156040,144532,188801,719737,128.018936,81080236841,56654125463
"trace_seq_size32_time900000_p[0.2, 0.8].out",301187,7,1920,45399,179796,949556,180205,32.019688,221239,533642
"trace_seq_size16_time9000000_p[0.5, 0.5].out",81765,226,4871,33877,85822,589070,450299,16.784006,120873,277644
"trace_seq_size32_time900000_p[0.8, 0.2].out",118065,15,3034,17867,58026,299589,720319,32.032887,231642,343112
"trace_seq_size64_time9000000_p[0.8, 0.2].out",191400,0,7766,20499,121450,343089,719682,63.984432,338131,616259
"trace_seq_size32_time9000000_p[0.5, 0.5].out",224310,39,4700,45064,144356,661006,450157,31.999844,196562,446835
"trace_seq_size128_time9000_p[0.2, 0.8].out",163543,209641,44850,621317,299942,116198,180908,127.977516,91216180757,72672020882
"trace_seq_size64_time90000_p[0.5, 0.5].out",85307,39997,4993,220767,455268,171108,450567,64.009392,22161186112,9246368931
"trace_seq_size64_time9000_p[0.2, 0.8].out",113535,66861,12140,329360,427006,132335,180116,63.964973,46901312579,21845073082
"trace_seq_size16_time9000000_p[0.2, 0.8].out",85199,35,1564,24783,110518,899099,180166,16.743074,127157,359386
"trace_seq_size128_time9000000_p[0.5, 0.5].out",744328,49,93891,355511,212696,581390,449679,127.998535,548856,1268490
"trace_seq_size8_time90000000_p[0.5, 0.5].out",45721,306,3416,25233,58630,527671,449248,11.161341,91243,200229
"trace_seq_size16_time900000_p[0.8, 0.2].out",57596,35,3612,12539,29178,250543,719783,16.773561,135109,192583
"trace_seq_size32_time90000000_p[0.5, 0.5].out",223572,30,4612,44485,145756,663907,449838,32.041325,196738,447919
"trace_seq_size64_time9000_p[0.8, 0.2].out",84897,5192,4348,81398,217088,178351,719266,63.97718,61113973832,22410189782
"trace_seq_size64_time90000_p[0.2, 0.8].out",120006,66565,12729,325331,425347,136415,180337,64.032463,10926939984,5106130184
"trace_seq_size64_time9000000_p[0.5, 0.5].out",492604,0,24584,56573,261662,687751,449697,64.007889,347674,734706
"trace_seq_size16_time90000_p[0.5, 0.5].out",58762,841,4362,47545,177951,310963,450037,16.797802,364282,375918
"trace_seq_size16_time90000_p[0.2, 0.8].out",58781,458,1771,31562,154313,473481,180357,16.781269,211588,461298
"trace_seq_size128_time90000_p[0.2, 0.8].out",163987,208589,45428,625364,300542,115911,179721,128.020462,54568449611,43750079162
"trace_seq_size128_time9000000_p[0.2, 0.8].out",1202104,160,149974,596588,275776,658965,179340,128.004898,555103,1385632
"trace_seq_size8_time9000000_p[0.2, 0.8].out",38364,66,1190,18888,76356,831449,179939,11.169279,98227,281834
"trace_seq_size32_time900000_p[0.5, 0.5].out",223616,31,5035,45195,143968,655861,450345,32.057697,235022,448059
"trace_seq_size64_time90000_p[0.8, 0.2].out",85246,4984,4373,80577,216491,179438,720168,64.058479,25103183143,9200035181
"trace_seq_size64_time9000_p[0.5, 0.5].out",82931,40773,4791,221644,457192,169299,449503,64.057259,58355958670,24297091128
"trace_seq_size16_time90000000_p[0.5, 0.5].out",81810,186,4778,34220,85820,588805,449732,16.800346,120842,277560
"trace_seq_size128_time9000000_p[0.8, 0.2].out",295348,13,37595,136326,109086,292324,719530,128.043121,542939,1145233
"trace_seq_size64_time900000_p[0.2, 0.8].out",798940,3,47327,103954,337285,835426,180132,63.986031,387581,842918
"trace_seq_size16_time900000_p[0.5, 0.5].out",80981,210,4674,34202,85332,585101,450375,16.770908,142372,277267
"trace_seq_size8_time9000_p[0.8, 0.2].out",16486,713,1129,27367,112972,60643,719325,11.160947,6983786098,677252580
