filename,Normal_page_read_count,Multi-plane_one_shot_read_count,One_shot_read_count,Multi-plane_read_count,Multi-plane_SOML_read_count,SOML_read_count,Write_request_count,Write_request_average_size,Read_request_average_response_time,Write_request_average_response_time
"trace_random_size128_time9000000_p[0.8, 0.2].out",598437,0,0,43665,207379,502968,719737,128.008774,291505,1040930
"trace_random_size64_time9000_p[0.8, 0.2].out",169337,3,288,106956,314882,364679,720106,63.99715,79764976185,33353372969
"trace_random_size8_time9000_p[0.2, 0.8].out",10901,0,48,18031,669408,390858,179519,11.167743,16786746761,3264938405
"trace_random_size16_time900000_p[0.2, 0.8].out",82552,0,0,7366,109944,1040654,180108,16.77463,139189,415726
"trace_random_size32_time9000000_p[0.2, 0.8].out",346731,0,0,6564,95181,1135525,180970,32.027451,155339,527069
"trace_random_size8_time900000_p[0.5, 0.5].out",24247,0,0,15131,284908,700580,450001,11.166186,144619,381799
"trace_random_size32_time9000_p[0.5, 0.5].out",101567,4,696,126680,583331,361422,449913,32.031261,43580457783,12893492722
"trace_random_size128_time9000000_p[0.2, 0.8].out",2357999,0,0,137778,283550,823644,179717,128.004257,292525,1058112
"trace_random_size8_time90000_p[0.5, 0.5].out",17046,0,7,21874,544743,433658,450113,11.167917,665720,473170
"trace_random_size64_time9000000_p[0.2, 0.8].out",1056674,0,0,3747,76081,1163503,180070,64.042892,185500,729855
"trace_random_size64_time9000000_p[0.5, 0.5].out",670908,0,0,8771,160562,874852,450214,63.985874,185549,726494
"trace_random_size8_time9000000_p[0.8, 0.2].out",25987,0,0,25987,394224,435518,719835,11.167713,99474,373077
"trace_random_size128_time90000_p[0.2, 0.8].out",754860,879,25411,1081302,421091,317705,180091,128.022568,65211084083,39720473208
"trace_random_size64_time90000_p[0.8, 0.2].out",169994,0,241,106325,312547,366996,720381,64.036438,43554768910,18255309291
"trace_random_size16_time9000000_p[0.8, 0.2].out",47682,0,0,29424,319812,459934,719346,16.759941,118201,410575
"trace_random_size16_time90000000_p[0.8, 0.2].out",47680,0,0,29567,320467,459589,720102,16.768063,118552,410834
"trace_random_size64_time90000000_p[0.2, 0.8].out",1057523,0,0,3715,75590,1165573,179127,64.029213,185532,730110
"trace_random_size32_time90000_p[0.8, 0.2].out",71865,0,41,61141,405582,328111,719398,31.988323,16340480709,4833145785
"trace_random_size128_time900000_p[0.8, 0.2].out",594023,0,20,45789,208250,502740,719998,128.049515,660498,1042733
"trace_random_size8_time900000_p[0.8, 0.2].out",26333,0,0,25825,395160,434590,719842,11.172268,164508,373613
"trace_random_size8_time9000000_p[0.5, 0.5].out",24040,0,0,14964,281536,703963,449311,11.164676,99544,381146
"trace_random_size128_time900000_p[0.2, 0.8].out",2341884,0,174,148036,285013,817727,179527,127.967979,394714,1058025
"trace_random_size32_time90000000_p[0.5, 0.5].out",230598,0,0,16659,205997,831348,450495,32.001141,155268,527786
"trace_random_size8_time90000000_p[0.8, 0.2].out",25532,0,0,26255,394379,435218,720237,11.162965,99482,372900
"trace_random_size64_time90000_p[0.2, 0.8].out",313719,88,8186,531445,550662,350932,180391,64.065002,18964601011,7989168277
"trace_random_size128_time90000000_p[0.5, 0.5].out",1475697,0,0,95680,269268,673096,449211,128.014008,291900,1054245
"trace_random_size8_time90000_p[0.2, 0.8].out",20036,0,9,9077,301898,768183,179438,11.197736,346212,413398
"trace_random_size128_time90000_p[0.8, 0.2].out",388215,0,1623,190910,246623,373881,720085,128.002029,98698974327,60443899405
"trace_random_size64_time900000_p[0.2, 0.8].out",1049860,0,0,7582,79214,1158659,180367,63.998028,243591,728424
"trace_random_size16_time9000000_p[0.5, 0.5].out",64504,0,0,19529,243998,759872,449979,16.772581,118234,422527
"trace_random_size64_time9000_p[0.2, 0.8].out",307704,190,8559,533842,555467,346322,180257,63.976479,55243420250,23246796244
"trace_random_size64_time90000000_p[0.5, 0.5].out",669499,0,0,8926,160453,874534,450614,63.96666,185501,726052
"trace_random_size16_time90000000_p[0.2, 0.8].out",82608,0,0,7022,106480,1043912,179411,16.766605,118265,415020
"trace_random_size64_time900000_p[0.5, 0.5].out",667582,0,0,11913,162455,870708,450034,63.980053,323993,727038
"trace_random_size64_time9000_p[0.5, 0.5].out",269028,39,3130,309790,458859,365673,450330,64.013229,69049148080,28916060625
"trace_random_size16_time9000000_p[0.2, 0.8].out",81763,0,0,6996,106671,1045613,179335,16.777813,118326,416797
"trace_random_size16_time90000_p[0.8, 0.2].out",33979,0,6,41747,474729,295083,719890,16.768614,3783933917,854558283
"trace_random_size16_time9000_p[0.2, 0.8].out",34027,10,258,52316,706669,399793,180205,16.759457,21370664557,4809426169
"trace_random_size64_time900000_p[0.8, 0.2].out",283350,0,0,12631,199001,556634,719920,64.014214,391797,712588
"trace_random_size16_time90000_p[0.2, 0.8].out",62751,0,55,25778,359915,772581,179942,16.785097,459509,484394
"trace_random_size128_time900000_p[0.5, 0.5].out",1458243,0,132,104325,269534,670097,449898,128.010101,536797,1056383
"trace_random_size8_time9000_p[0.5, 0.5].out",13363,1,24,25073,664966,311571,450114,11.177053,26421838974,5174111349
"trace_random_size128_time9000_p[0.8, 0.2].out",385227,27,1600,192327,245251,373302,720309,128.023117,135299230537,82552721353
"trace_random_size8_time90000000_p[0.5, 0.5].out",24219,0,0,15047,282650,702335,449988,11.174069,99616,381892
"trace_random_size128_time9000_p[0.2, 0.8].out",754441,822,25447,1079895,420414,319509,180770,128.01976,101766352829,61949159811
"trace_random_size32_time90000_p[0.2, 0.8].out",163565,27,1222,157225,581892,528525,180399,32.019356,943251,866584
"trace_random_size128_time9000_p[0.5, 0.5].out",630784,149,11125,618748,351163,353852,449809,128.034836,120754678350,73466407369
"trace_random_size32_time900000_p[0.8, 0.2].out",114233,0,0,23978,259150,504737,720394,32.034882,261080,515168
"trace_random_size16_time9000_p[0.5, 0.5].out",32407,3,103,49220,641454,334718,450960,16.777746,31261747084,7055357483
"trace_random_size16_time90000000_p[0.5, 0.5].out",63850,0,0,19427,244145,760947,450231,16.765198,118192,422275
"trace_random_size8_time9000000_p[0.2, 0.8].out",24717,0,0,4609,115558,958971,179933,11.163061,99619,368835
"trace_random_size64_time90000_p[0.5, 0.5].out",272791,6,3063,308010,457415,369398,449703,64.02018,32790425046,13766767267
"trace_random_size32_time90000000_p[0.8, 0.2].out",114118,0,0,23750,259565,505572,720123,32.008244,155190,514524
"trace_random_size32_time90000_p[0.5, 0.5].out",103295,3,608,125861,579464,365327,450083,32.06234,7993093202,2357104561
"trace_random_size16_time90000_p[0.5, 0.5].out",37795,0,67,45080,585853,393778,449961,16.75161,881455,668929
"trace_random_size8_time9000_p[0.8, 0.2].out",19944,0,1,31626,547607,277284,719683,11.156232,33961430381,6658110847
"trace_random_size32_time9000000_p[0.5, 0.5].out",230325,0,0,16812,206645,832371,450066,31.999882,155280,528076
"trace_random_size128_time9000000_p[0.5, 0.5].out",1474710,0,0,96000,270505,671360,449483,127.974159,291945,1053107
"trace_random_size64_time90000000_p[0.8, 0.2].out",284849,0,0,12178,199099,556770,719762,63.998981,185631,712971
"trace_random_size16_time900000_p[0.8, 0.2].out",47416,0,0,29346,321503,459727,719129,16.768709,190020,410651
"trace_random_size128_time90000_p[0.5, 0.5].out",630492,149,10978,619473,349830,354566,449576,128.03746,84239348546,51280533830
"trace_random_size32_time9000_p[0.2, 0.8].out",119424,53,1956,194483,695184,382221,180352,32.017937,32537094653,9596228666
"trace_random_size32_time90000000_p[0.2, 0.8].out",346845,0,0,6649,94679,1136584,179552,32.011681,155312,527448
"trace_random_size16_time9000_p[0.8, 0.2].out",33734,0,11,42059,476324,293440,720330,16.780914,38912023599,8787894731
"trace_random_size128_time90000000_p[0.2, 0.8].out",2357615,0,0,137057,283025,823301,180098,127.959946,292406,1059031
"trace_random_size64_time9000000_p[0.8, 0.2].out",284337,0,0,12047,198490,556063,719713,63.988636,185561,711896
"trace_random_size128_time90000000_p[0.8, 0.2].out",599848,0,0,43214,208675,504127,719266,128.005951,291534,1041784
"trace_random_size16_time900000_p[0.5, 0.5].out",64822,0,0,19714,247453,757913,449509,16.786852,168601,423405
"trace_random_size8_time900000_p[0.2, 0.8].out",24486,0,0,4836,118787,955016,181057,11.159227,117830,369500
"trace_random_size32_time900000_p[0.2, 0.8].out",345510,0,0,7596,97793,1133402,179649,32.031216,185196,528550
"trace_random_size32_time9000000_p[0.8, 0.2].out",114359,0,0,23333,261119,503973,720394,32.055885,155298,514740
"trace_random_size8_time90000000_p[0.2, 0.8].out",24614,0,0,4744,115785,958387,180078,11.171837,99648,369408
"trace_random_size8_time90000_p[0.8, 0.2].out",20477,0,3,31335,544397,280304,719791,11.153751,810934382,159012356
"trace_random_size32_time9000_p[0.8, 0.2].out",71301,3,79,61527,406456,326664,719802,32.016388,51915723608,15392404406
"trace_random_size32_time900000_p[0.5, 0.5].out",229994,0,0,17489,207998,828828,450266,32.057476,227027,528652
