filename,Normal_page_read_count,Multi-plane_one_shot_read_count,One_shot_read_count,Multi-plane_read_count,Multi-plane_SOML_read_count,SOML_read_count,Write_request_count,Write_request_average_size,Read_request_average_response_time,Write_request_average_response_time
"trace_seq_size8_time9000000_p[0.8, 0.2].out",23095,0,136,22895,59566,163177,720243,11.18881,79640,131064
"trace_seq_size128_time9000_p[0.5, 0.5].out",115100,993,585,851617,234739,258629,450186,128.021347,114045607044,74173777148
"trace_seq_size32_time9000_p[0.5, 0.5].out",53695,49,746,161836,441524,118935,450036,32.029728,31795191979,7847397947
"trace_seq_size64_time900000_p[0.5, 0.5].out",79716,0,0,431885,172030,501183,450143,63.991653,362628,720350
"trace_seq_size16_time9000_p[0.8, 0.2].out",23439,4,219,43634,154428,70248,719914,16.767088,13409212253,1665467562
"trace_seq_size32_time9000000_p[0.2, 0.8].out",106363,0,225,226498,641852,333769,179726,31.975073,173121,556365
"trace_seq_size8_time90000_p[0.5, 0.5].out",19226,0,327,47639,190350,256222,449570,11.195236,208553,213682
"trace_seq_size8_time9000_p[0.2, 0.8].out",8237,25,146,36037,312096,62454,179878,11.185816,3217832547,1130752183
"trace_seq_size128_time900000_p[0.8, 0.2].out",59371,0,0,345938,42434,283999,719521,128.013794,634952,1046648
"trace_seq_size128_time90000000_p[0.8, 0.2].out",60018,0,0,344494,41964,285178,720456,127.995102,483126,1045690
"trace_seq_size8_time90000_p[0.2, 0.8].out",16649,2,217,33118,224502,410998,180431,11.166565,133491,320571
"trace_seq_size16_time9000000_p[0.8, 0.2].out",35248,0,227,32453,115083,158857,719676,16.785879,104653,193418
"trace_seq_size128_time90000000_p[0.5, 0.5].out",155429,0,0,876835,109932,511290,449896,127.987587,490223,1133740
"trace_seq_size128_time90000000_p[0.2, 0.8].out",258224,0,0,1423991,107726,564028,179818,128.003525,497169,1222617
"trace_seq_size32_time90000_p[0.2, 0.8].out",65735,7,287,181326,425638,194331,180356,31.986246,545397,698125
"trace_seq_size64_time9000000_p[0.2, 0.8].out",144229,0,0,706521,185170,593747,179984,64.037712,303855,817057
"trace_seq_size32_time9000_p[0.8, 0.2].out",44847,6,266,78631,203465,85290,719940,32.006512,31035471177,6105207376
"trace_seq_size32_time90000000_p[0.8, 0.2].out",62812,0,340,66469,203340,122878,719749,32.005428,164145,342169
"trace_seq_size128_time90000_p[0.5, 0.5].out",115508,917,587,852181,234884,259158,449907,127.986717,77584155332,50554247642
"trace_seq_size32_time90000_p[0.8, 0.2].out",52053,0,315,72102,196915,95234,720195,32.039841,856243,416825
"trace_seq_size16_time90000_p[0.8, 0.2].out",32707,0,199,33865,119160,124969,720167,16.798246,427451,195571
"trace_seq_size32_time9000_p[0.2, 0.8].out",42285,67,351,196090,498896,109439,180480,31.983633,22674902244,6718775098
"trace_seq_size8_time9000000_p[0.5, 0.5].out",23139,0,348,45665,186614,391844,449749,11.149608,85740,208639
"trace_seq_size64_time900000_p[0.8, 0.2].out",28572,0,0,169176,69396,280299,720046,63.989941,363110,605225
"trace_seq_size128_time900000_p[0.5, 0.5].out",150304,0,0,876085,110219,498947,449564,128.00209,612428,1138877
"trace_seq_size8_time900000_p[0.5, 0.5].out",23110,0,319,45619,186817,388024,450823,11.155959,103493,208050
"trace_seq_size8_time900000_p[0.8, 0.2].out",22723,0,137,23075,59411,162091,721109,11.161793,94547,130587
"trace_seq_size16_time90000000_p[0.2, 0.8].out",49008,0,258,57061,458952,526907,180143,16.835958,115081,390483
"trace_seq_size8_time90000000_p[0.8, 0.2].out",22658,0,155,23283,60522,163573,719512,11.168679,79709,131068
"trace_seq_size16_time9000_p[0.2, 0.8].out",14461,28,162,64628,407754,81079,180318,16.769508,7536075591,2343887230
"trace_seq_size128_time9000_p[0.8, 0.2].out",57159,71,59,340813,87738,218735,719969,128.011978,119050101155,75424842294
"trace_seq_size16_time9000_p[0.5, 0.5].out",23686,78,509,79139,355721,81924,450719,16.799204,13049095034,2577294078
"trace_seq_size64_time90000000_p[0.5, 0.5].out",81059,0,0,432634,173366,507071,450367,64.023773,295293,720006
"trace_seq_size128_time900000_p[0.2, 0.8].out",251947,0,0,1422165,107862,550631,179873,128.001373,556094,1229356
"trace_seq_size8_time9000_p[0.5, 0.5].out",13102,45,223,51306,285714,57491,449295,11.180912,6334991539,1161601257
"trace_seq_size64_time90000000_p[0.8, 0.2].out",28524,0,0,169690,68762,281549,720069,64.013161,286853,605358
"trace_seq_size32_time90000_p[0.5, 0.5].out",58906,52,871,163630,420726,129567,449569,32.033878,1848677,1080497
"trace_seq_size64_time90000000_p[0.2, 0.8].out",143511,0,0,707153,184232,593420,180286,63.966087,303952,816461
"trace_seq_size32_time9000000_p[0.8, 0.2].out",64914,0,357,68576,200906,119538,719753,32.022396,164244,342171
"trace_seq_size32_time90000000_p[0.2, 0.8].out",107383,0,232,225722,640128,333101,180292,32.07019,172804,555422
"trace_seq_size8_time900000_p[0.2, 0.8].out",21552,2,210,32353,288969,610489,180169,11.166282,103119,309032
"trace_seq_size16_time90000000_p[0.8, 0.2].out",35124,0,200,32420,114018,158551,720215,16.771118,104455,193038
"trace_seq_size16_time900000_p[0.2, 0.8].out",48194,0,265,57097,459829,523401,179279,16.807732,130965,389554
"trace_seq_size8_time90000_p[0.8, 0.2].out",21906,0,166,23550,69568,130866,720238,11.171199,261762,131558
"trace_seq_size8_time90000000_p[0.2, 0.8].out",21520,0,236,32285,288484,614015,180024,11.171506,91877,309030
"trace_seq_size128_time90000_p[0.8, 0.2].out",57234,31,60,341709,87930,218727,719737,128.022049,83147861064,52406769998
"trace_seq_size32_time900000_p[0.2, 0.8].out",105986,0,220,225764,636780,332085,180205,32.019688,198175,556530
"trace_seq_size16_time9000000_p[0.5, 0.5].out",46985,1,687,66239,302529,356327,450299,16.784006,109841,288717
"trace_seq_size32_time900000_p[0.8, 0.2].out",60907,0,329,65959,203932,122937,720319,32.032658,205588,341907
"trace_seq_size64_time9000000_p[0.8, 0.2].out",29005,0,0,169805,69612,282008,719682,63.984432,286852,605476
"trace_seq_size32_time9000000_p[0.5, 0.5].out",100144,0,888,157824,464924,250762,450157,31.999844,168686,456755
"trace_seq_size128_time9000_p[0.2, 0.8].out",112321,5453,1400,1351115,227647,143107,180908,127.977493,93631149036,63176147616
"trace_seq_size64_time90000_p[0.5, 0.5].out",61890,74,475,403164,302945,238829,450567,64.009392,24955723958,9884221525
"trace_seq_size64_time9000_p[0.2, 0.8].out",68634,937,1102,641477,270791,145664,180116,63.965065,48137712592,20624300668
"trace_seq_size16_time9000000_p[0.2, 0.8].out",48477,0,262,56936,459340,526831,180166,16.743074,115013,388806
"trace_seq_size128_time9000000_p[0.5, 0.5].out",156059,0,0,877311,110482,510243,449679,127.998535,490423,1135183
"trace_seq_size8_time90000000_p[0.5, 0.5].out",22840,0,363,45802,186850,392201,449248,11.161341,85795,208937
"trace_seq_size16_time900000_p[0.8, 0.2].out",34855,0,227,32613,114216,158461,719783,16.774124,126708,193223
"trace_seq_size32_time90000000_p[0.5, 0.5].out",99235,1,875,157500,467671,251692,449838,32.041325,168874,457529
"trace_seq_size64_time9000_p[0.8, 0.2].out",29495,7,56,162946,130200,200790,719266,63.977154,61307110793,21836667898
"trace_seq_size64_time90000_p[0.2, 0.8].out",70021,843,1115,641445,268834,147813,180337,64.031837,12177372334,5245479438
"trace_seq_size64_time9000000_p[0.5, 0.5].out",80672,0,0,433237,173808,507966,449697,64.007889,295347,719322
"trace_seq_size16_time90000_p[0.5, 0.5].out",35063,0,601,70095,273373,217906,450037,16.798018,343743,302508
"trace_seq_size16_time90000_p[0.2, 0.8].out",32640,0,226,55597,298145,340162,180357,16.78093,199921,420636
"trace_seq_size128_time90000_p[0.2, 0.8].out",111599,5667,1434,1353051,227968,142794,179721,128.021393,56990135981,38654093806
"trace_seq_size128_time9000000_p[0.2, 0.8].out",259220,0,0,1425247,107670,563520,179340,128.004898,497185,1222739
"trace_seq_size8_time9000000_p[0.2, 0.8].out",21648,1,249,32204,286790,614333,179939,11.169279,91856,307904
"trace_seq_size32_time900000_p[0.5, 0.5].out",100612,0,946,156898,461770,250184,450345,32.056465,213227,457525
"trace_seq_size64_time90000_p[0.8, 0.2].out",29410,0,52,162233,128414,202092,720168,64.05883,25302925875,9014235856
"trace_seq_size64_time9000_p[0.5, 0.5].out",61841,77,477,404144,305394,238002,449503,64.05941,61132068591,24178711393
"trace_seq_size16_time90000000_p[0.5, 0.5].out",47008,0,691,66216,302474,356345,449732,16.800346,109776,288727
"trace_seq_size128_time9000000_p[0.8, 0.2].out",60464,0,0,346328,42900,286255,719530,128.043121,482930,1046224
"trace_seq_size64_time900000_p[0.2, 0.8].out",142246,0,0,705386,184014,584390,180132,63.986115,339373,818954
"trace_seq_size16_time900000_p[0.5, 0.5].out",46314,0,675,66112,300971,353558,450375,16.771269,135496,288149
"trace_seq_size8_time9000_p[0.8, 0.2].out",15512,6,131,30972,119943,54438,719325,11.160982,6855897260,664888371
