filename,Normal_page_read_count,Multi-plane_one_shot_read_count,One_shot_read_count,Multi-plane_read_count,Multi-plane_SOML_read_count,SOML_read_count,Write_request_count,Write_request_average_size,Read_request_average_response_time,Write_request_average_response_time
"trace_seq_size8_time9000000_p[0.8, 0.2].out",26103,2,215,22240,13744,207046,720243,11.18881,76985,130627
"trace_seq_size128_time9000_p[0.5, 0.5].out",522056,327,12506,563126,402514,243757,450186,128.020859,114127578067,64496883559
"trace_seq_size32_time9000_p[0.5, 0.5].out",81609,44,1363,141810,357483,216823,450036,32.029461,32056766884,7550841219
"trace_seq_size64_time900000_p[0.5, 0.5].out",615606,0,0,755,161888,839230,450143,63.991653,312053,668401
"trace_seq_size16_time9000_p[0.8, 0.2].out",29773,2,302,43265,118682,101025,719914,16.767643,13549736441,1657842804
"trace_seq_size32_time9000000_p[0.2, 0.8].out",302214,1,390,34603,63078,1099983,179726,31.975073,148520,538542
"trace_seq_size8_time90000_p[0.5, 0.5].out",23357,54,366,47196,76666,374596,449570,11.195148,212970,217307
"trace_seq_size8_time9000_p[0.2, 0.8].out",10089,10,196,36085,212043,169061,179878,11.185905,3155699685,1056586279
"trace_seq_size128_time900000_p[0.8, 0.2].out",575140,0,19,18988,136316,329461,719521,128.013672,611786,919301
"trace_seq_size128_time90000000_p[0.8, 0.2].out",574204,0,0,18214,135508,330008,720456,127.995102,279763,920657
"trace_seq_size8_time90000_p[0.2, 0.8].out",22692,13,330,30755,65447,588003,180431,11.166649,134558,319033
"trace_seq_size16_time9000000_p[0.8, 0.2].out",43720,0,328,30056,19108,250851,719676,16.785879,98544,191920
"trace_seq_size128_time90000000_p[0.5, 0.5].out",1457627,0,0,60010,305896,646777,449896,127.987587,285775,1018021
"trace_seq_size128_time90000000_p[0.2, 0.8].out",2363676,0,0,119927,317396,857038,179818,128.003525,291711,1105912
"trace_seq_size32_time90000_p[0.2, 0.8].out",173876,19,480,102241,232879,469275,180356,31.986338,499732,663690
"trace_seq_size64_time9000000_p[0.2, 0.8].out",1044218,0,0,0,114030,1177944,179984,64.037712,185604,764819
"trace_seq_size32_time9000_p[0.8, 0.2].out",65382,2,511,65273,144229,151024,719940,32.006836,31190011207,5932889412
"trace_seq_size32_time90000000_p[0.8, 0.2].out",109762,0,404,25285,43104,318340,719749,32.005428,143508,333321
"trace_seq_size128_time90000_p[0.5, 0.5].out",523485,288,12520,562504,403210,244927,449907,127.986725,77590710224,43922052525
"trace_seq_size32_time90000_p[0.8, 0.2].out",75523,4,445,55463,128908,173349,720195,32.039635,1002500,421526
"trace_seq_size16_time90000_p[0.8, 0.2].out",41082,3,346,31994,36981,204124,720167,16.798141,446009,201263
"trace_seq_size32_time9000_p[0.2, 0.8].out",98099,112,1358,155273,360641,267394,180480,31.983316,21900677200,6223347396
"trace_seq_size8_time9000000_p[0.5, 0.5].out",26958,55,360,44996,54312,521303,449749,11.149608,82495,205679
"trace_seq_size64_time900000_p[0.8, 0.2].out",233407,0,0,60,67786,416161,720046,63.989891,334110,561254
"trace_seq_size128_time900000_p[0.5, 0.5].out",1442454,0,154,66302,304048,636902,449564,128.003372,541488,1017644
"trace_seq_size8_time900000_p[0.5, 0.5].out",26533,53,422,45011,53769,518363,450823,11.156096,101644,205229
"trace_seq_size8_time900000_p[0.8, 0.2].out",25951,1,201,22157,13846,206098,721109,11.161968,91620,130194
"trace_seq_size16_time90000000_p[0.2, 0.8].out",72177,5,471,38207,41832,957902,180143,16.835958,107321,381974
"trace_seq_size8_time90000000_p[0.8, 0.2].out",26155,1,213,22429,13958,208165,719512,11.168679,77026,130705
"trace_seq_size16_time9000_p[0.2, 0.8].out",22916,26,344,60650,288336,204125,180318,16.76969,7224579042,2159951917
"trace_seq_size128_time9000_p[0.8, 0.2].out",354731,26,2145,147955,172071,219635,719969,128.011856,118074250467,63534395544
"trace_seq_size16_time9000_p[0.5, 0.5].out",29101,45,668,81004,284012,148413,450719,16.798677,13226294568,2518498501
"trace_seq_size64_time90000000_p[0.5, 0.5].out",619073,0,0,0,159864,847826,450367,64.023773,184047,667695
"trace_seq_size128_time900000_p[0.2, 0.8].out",2338742,0,205,128919,318591,843228,179873,128.00148,413197,1109987
"trace_seq_size8_time9000_p[0.5, 0.5].out",15544,38,333,52107,230660,113133,449295,11.180833,6471681513,1147531483
"trace_seq_size64_time90000000_p[0.8, 0.2].out",234228,0,0,0,67384,416603,720069,64.013161,182383,559622
"trace_seq_size32_time90000_p[0.5, 0.5].out",89724,41,1431,140512,332705,235828,449569,32.033707,2191868,1132724
"trace_seq_size64_time90000000_p[0.2, 0.8].out",1043543,0,0,0,114552,1177377,180286,63.966087,185643,766175
"trace_seq_size32_time9000000_p[0.8, 0.2].out",113134,0,415,26709,40418,315365,719753,32.022396,143518,333589
"trace_seq_size32_time90000000_p[0.2, 0.8].out",301344,0,395,35360,61746,1097758,180292,32.07019,148375,538853
"trace_seq_size8_time900000_p[0.2, 0.8].out",26739,15,353,29183,44365,855663,180169,11.166403,100604,302535
"trace_seq_size16_time90000000_p[0.8, 0.2].out",43661,1,326,30054,19026,249351,720215,16.771118,98405,191425
"trace_seq_size16_time900000_p[0.2, 0.8].out",71622,7,467,38021,41076,956222,179279,16.807735,126482,381810
"trace_seq_size8_time90000_p[0.8, 0.2].out",25051,2,215,22835,19531,180873,720238,11.171127,262745,134445
"trace_seq_size8_time90000000_p[0.2, 0.8].out",27008,6,355,28933,43955,859362,180024,11.171506,88037,303081
"trace_seq_size128_time90000_p[0.8, 0.2].out",356206,3,2189,147758,172355,219967,719737,128.018936,82069318075,44030521371
"trace_seq_size32_time900000_p[0.2, 0.8].out",300867,1,372,35449,61790,1092610,180205,32.019505,183583,540500
"trace_seq_size16_time9000000_p[0.5, 0.5].out",60581,48,858,60177,54145,602441,450299,16.784006,102906,282377
"trace_seq_size32_time900000_p[0.8, 0.2].out",108461,3,356,24349,44146,318200,720319,32.033054,205361,333279
"trace_seq_size64_time9000000_p[0.8, 0.2].out",234533,0,0,0,67468,418235,719682,63.984432,182422,560990
"trace_seq_size32_time9000000_p[0.5, 0.5].out",208527,6,1154,51734,95396,723255,450157,31.999844,146032,438919
"trace_seq_size128_time9000_p[0.2, 0.8].out",533881,2081,18453,1015051,436108,169807,180908,127.977516,93413686256,55453612486
"trace_seq_size64_time90000_p[0.5, 0.5].out",207910,74,3634,265198,395445,275720,450567,64.008904,25093874506,9140193151
"trace_seq_size64_time9000_p[0.2, 0.8].out",275190,560,6099,426746,396177,232900,180116,63.964615,47639118425,19092604177
"trace_seq_size16_time9000000_p[0.2, 0.8].out",71374,4,435,38135,41484,958849,180166,16.743074,107240,380085
"trace_seq_size128_time9000000_p[0.5, 0.5].out",1458849,0,0,60523,305262,646250,449679,127.998535,285771,1016833
"trace_seq_size8_time90000000_p[0.5, 0.5].out",27066,52,366,44900,54003,522300,449248,11.161341,82552,205692
"trace_seq_size16_time900000_p[0.8, 0.2].out",43638,2,311,30068,18893,249795,719783,16.773966,124935,191565
"trace_seq_size32_time90000000_p[0.5, 0.5].out",208781,8,1070,50425,97856,725481,449838,32.041325,146138,439225
"trace_seq_size64_time9000_p[0.8, 0.2].out",126971,5,540,80013,167161,233165,719266,63.977119,61073189455,19962886200
"trace_seq_size64_time90000_p[0.2, 0.8].out",291651,525,6025,416510,392377,242791,180337,64.031677,11697138973,4678987312
"trace_seq_size64_time9000000_p[0.5, 0.5].out",619285,0,0,0,160594,849043,449697,64.007889,184008,668326
"trace_seq_size16_time90000_p[0.5, 0.5].out",47547,44,844,67246,113148,380291,450037,16.797684,362156,306641
"trace_seq_size16_time90000_p[0.2, 0.8].out",56211,6,469,44567,88914,583384,180357,16.781441,207513,413652
"trace_seq_size128_time90000_p[0.2, 0.8].out",530835,2123,18441,1017897,438308,168691,179721,128.020325,56742299047,33849827792
"trace_seq_size128_time9000000_p[0.2, 0.8].out",2365697,0,0,120390,318238,856192,179340,128.004898,291712,1106090
"trace_seq_size8_time9000000_p[0.2, 0.8].out",27140,10,364,28772,43859,858244,179939,11.169279,88033,302152
"trace_seq_size32_time900000_p[0.5, 0.5].out",207848,9,1174,52221,94802,718579,450345,32.056667,209281,440369
"trace_seq_size64_time90000_p[0.8, 0.2].out",127040,0,535,79003,165358,234781,720168,64.057846,25019487616,8173005209
"trace_seq_size64_time9000_p[0.5, 0.5].out",203631,72,3706,268698,398327,273288,449503,64.059502,61291272402,22256453354
"trace_seq_size16_time90000000_p[0.5, 0.5].out",60524,41,833,60232,53862,602737,449732,16.800346,102833,282032
"trace_seq_size128_time9000000_p[0.8, 0.2].out",577397,0,0,18352,136644,331530,719530,128.043121,280026,919923
"trace_seq_size64_time900000_p[0.2, 0.8].out",1039367,0,0,1257,117884,1162422,180132,63.985661,250560,766844
"trace_seq_size16_time900000_p[0.5, 0.5].out",59805,44,780,60172,54061,598362,450375,16.771227,134315,282079
"trace_seq_size8_time9000_p[0.8, 0.2].out",18758,4,189,30467,98902,73926,719325,11.160915,6940968820,667463874
