filename,Normal_page_read_count,Multi-plane_one_shot_read_count,One_shot_read_count,Multi-plane_read_count,Multi-plane_SOML_read_count,SOML_read_count,Write_request_count,Write_request_average_size,Read_request_average_response_time,Write_request_average_response_time
"trace_random_size128_time9000000_p[0.8, 0.2].out",349725,1,8545,180258,171473,488758,719737,128.008774,557584,1156207
"trace_random_size64_time9000_p[0.8, 0.2].out",161519,30,2423,103797,342756,344376,720106,63.9977,85037766112,38100167250
"trace_random_size8_time9000_p[0.2, 0.8].out",11215,2,56,17653,681421,379260,179519,11.167772,16919051708,3330480625
"trace_random_size16_time900000_p[0.2, 0.8].out",74012,0,1,15889,252228,889865,180108,16.774429,155822,424705
"trace_random_size32_time9000000_p[0.2, 0.8].out",295397,0,18,57133,279234,901621,180970,32.027451,214202,544774
"trace_random_size8_time900000_p[0.5, 0.5].out",23103,0,0,16200,370721,613779,450001,11.166189,147746,387127
"trace_random_size32_time9000_p[0.5, 0.5].out",109083,31,1457,118988,579044,371133,449913,32.031521,45167357800,13822230286
"trace_random_size128_time9000000_p[0.2, 0.8].out",1432277,9,36558,635211,278639,649683,179717,128.004257,560428,1174087
"trace_random_size8_time90000_p[0.5, 0.5].out",16722,1,13,22041,581739,396630,450113,11.168011,632926,520446
"trace_random_size64_time9000000_p[0.2, 0.8].out",860874,0,7923,138547,363973,778040,180070,64.042892,355147,774391
"trace_random_size64_time9000000_p[0.5, 0.5].out",521279,0,4637,116413,337546,618305,450214,63.985874,351985,771745
"trace_random_size8_time9000000_p[0.8, 0.2].out",25594,0,0,26191,430057,399664,719835,11.167713,109988,377706
"trace_random_size128_time90000_p[0.2, 0.8].out",573818,10375,49161,1091818,485707,284868,180091,128.022568,69886551596,48545680639
"trace_random_size64_time90000_p[0.8, 0.2].out",162711,9,2280,103168,340743,346228,720381,64.035744,48802841502,21949594913
"trace_random_size16_time9000000_p[0.8, 0.2].out",44696,0,0,32248,368094,408989,719346,16.759941,138178,418305
"trace_random_size16_time90000000_p[0.8, 0.2].out",44787,0,0,32213,368441,409211,720102,16.768063,138777,418550
"trace_random_size64_time90000000_p[0.2, 0.8].out",861600,0,8041,138332,363943,779783,179127,64.029213,355270,775188
"trace_random_size32_time90000_p[0.8, 0.2].out",71361,2,221,61730,413713,318754,719398,31.988329,18334501938,5613332103
"trace_random_size128_time900000_p[0.8, 0.2].out",345434,11,9203,181700,171869,488273,719998,128.051682,766015,1211675
"trace_random_size8_time900000_p[0.8, 0.2].out",25537,0,0,26451,428785,400503,719842,11.172153,164244,377983
"trace_random_size8_time9000000_p[0.5, 0.5].out",22879,0,0,16017,368747,615807,449311,11.164676,110374,386276
"trace_random_size128_time900000_p[0.2, 0.8].out",1428089,57,34460,641943,278555,646966,179527,127.967606,615706,1187835
"trace_random_size32_time90000000_p[0.5, 0.5].out",188729,0,10,57896,337621,659091,450495,32.001141,211877,545262
"trace_random_size8_time90000000_p[0.8, 0.2].out",25243,0,0,26418,429824,399735,720237,11.162965,110121,377406
"trace_random_size64_time90000_p[0.2, 0.8].out",350039,1151,17014,465952,617368,346022,180391,64.065346,21830507574,9833218841
"trace_random_size128_time90000000_p[0.5, 0.5].out",868078,1,24388,423703,230817,589951,449211,128.014008,558526,1169771
"trace_random_size8_time90000_p[0.2, 0.8].out",19062,0,8,10088,386838,682199,179438,11.197734,327294,420943
"trace_random_size128_time90000_p[0.8, 0.2].out",273662,334,11348,228948,244009,383794,720085,128.002472,110278779214,76781728972
"trace_random_size64_time900000_p[0.2, 0.8].out",856597,1,7978,140304,366254,775497,180367,63.998028,383619,774890
"trace_random_size16_time9000000_p[0.5, 0.5].out",57726,0,0,26282,354996,642151,449979,16.772581,138777,431416
"trace_random_size64_time9000_p[0.2, 0.8].out",347970,1247,16873,466902,619622,344493,180257,63.976616,58182135505,26148784227
"trace_random_size64_time90000000_p[0.5, 0.5].out",521449,0,4279,116001,335870,620177,450614,63.96666,351869,771797
"trace_random_size16_time90000000_p[0.2, 0.8].out",74124,0,0,15469,250926,891046,179411,16.766605,139887,424592
"trace_random_size64_time900000_p[0.5, 0.5].out",520017,0,4578,118122,337965,616611,450034,63.980068,420722,773225
"trace_random_size64_time9000_p[0.5, 0.5].out",299685,220,8524,267523,486799,374345,450330,64.012512,73347439887,32924443519
"trace_random_size16_time9000000_p[0.2, 0.8].out",73318,0,0,15436,251237,892616,179335,16.777813,139966,425997
"trace_random_size16_time90000_p[0.8, 0.2].out",33824,0,30,41622,481947,288207,719890,16.76828,4695641674,1082480589
"trace_random_size16_time9000_p[0.2, 0.8].out",35474,20,397,50562,712163,395878,180205,16.759502,21739039649,4984956621
"trace_random_size64_time900000_p[0.8, 0.2].out",216440,0,1931,61521,267515,451453,719920,64.013199,451604,759819
"trace_random_size16_time90000_p[0.2, 0.8].out",57482,3,99,30925,462522,664798,179942,16.785379,433407,508480
"trace_random_size128_time900000_p[0.5, 0.5].out",854740,61,23178,431566,232669,586477,449898,128.013382,694100,1205262
"trace_random_size8_time9000_p[0.5, 0.5].out",13829,0,28,24529,667596,309542,450114,11.177209,26822803040,5315381746
"trace_random_size128_time9000_p[0.8, 0.2].out",275734,372,10490,228438,243128,383953,720309,128.023239,146992438251,101998900502
"trace_random_size8_time90000000_p[0.5, 0.5].out",23100,0,0,16084,369568,614456,449988,11.174069,110343,386354
"trace_random_size128_time9000_p[0.2, 0.8].out",572056,10313,49359,1090810,487100,284708,180770,128.023178,106376068206,73664360667
"trace_random_size32_time90000_p[0.2, 0.8].out",149967,84,2675,165095,659931,443641,180399,32.019722,1105750,1283567
"trace_random_size128_time9000_p[0.5, 0.5].out",522509,2805,30708,623445,363637,365576,449809,128.034836,129066859171,89451148002
"trace_random_size32_time900000_p[0.8, 0.2].out",95394,0,3,42415,314224,431616,720394,32.033688,277970,532163
"trace_random_size16_time9000_p[0.5, 0.5].out",33982,4,175,47593,641018,336609,450960,16.778185,31997547527,7365256409
"trace_random_size16_time90000000_p[0.5, 0.5].out",57203,0,0,25985,356182,642446,450231,16.765198,138812,430659
"trace_random_size8_time9000000_p[0.2, 0.8].out",22855,0,0,6452,229013,843686,179933,11.163061,111057,373740
"trace_random_size64_time90000_p[0.5, 0.5].out",300300,171,8423,268183,487260,374633,449703,64.02037,36954087696,16587937665
"trace_random_size32_time90000000_p[0.8, 0.2].out",95615,0,2,41954,315427,431794,720123,32.008244,210591,531994
"trace_random_size32_time90000_p[0.5, 0.5].out",110977,12,1315,118154,576238,374112,450083,32.062248,9624440017,2939166818
"trace_random_size16_time90000_p[0.5, 0.5].out",36631,1,130,45942,613034,365838,449961,16.751989,924353,855608
"trace_random_size8_time9000_p[0.8, 0.2].out",19826,0,3,31602,552780,272276,719683,11.156093,34595819748,6865136303
"trace_random_size32_time9000000_p[0.5, 0.5].out",188642,0,4,57805,337382,661318,450066,31.999882,212013,545457
"trace_random_size128_time9000000_p[0.5, 0.5].out",877475,7,20550,423051,231514,591793,449483,127.974159,558734,1170402
"trace_random_size64_time90000000_p[0.8, 0.2].out",217636,0,1902,61298,267036,452095,719762,63.998981,349710,758579
"trace_random_size16_time900000_p[0.8, 0.2].out",44238,0,0,32340,368521,409908,719129,16.768852,192680,418411
"trace_random_size128_time90000_p[0.5, 0.5].out",529304,2741,27783,624978,362643,365963,449576,128.039337,92550517809,64115064107
"trace_random_size32_time9000_p[0.2, 0.8].out",133182,142,3218,178654,694040,396938,180352,32.018692,33789493451,10301349769
"trace_random_size32_time90000000_p[0.2, 0.8].out",295468,0,14,57155,278402,903181,179552,32.011681,214146,545175
"trace_random_size16_time9000_p[0.8, 0.2].out",33402,1,36,42205,483852,285870,720330,16.781569,39823605773,9172070729
"trace_random_size128_time90000000_p[0.2, 0.8].out",1432142,9,36906,633633,278802,649075,180098,127.959946,560348,1173030
"trace_random_size64_time9000000_p[0.8, 0.2].out",217366,0,1930,60999,266509,451321,719713,63.988636,349575,757917
"trace_random_size128_time90000000_p[0.8, 0.2].out",351489,2,8345,180045,171193,491261,719266,128.005951,557066,1156646
"trace_random_size16_time900000_p[0.5, 0.5].out",58105,0,0,26305,357455,641436,449509,16.787197,176361,431706
"trace_random_size8_time900000_p[0.2, 0.8].out",22821,0,0,6499,232528,839619,181057,11.15911,126077,373595
"trace_random_size32_time900000_p[0.2, 0.8].out",294762,0,28,57548,281163,900793,179649,32.031483,233138,546113
"trace_random_size32_time9000000_p[0.8, 0.2].out",95332,0,2,42015,315064,431688,720394,32.055885,210588,531795
"trace_random_size8_time90000000_p[0.2, 0.8].out",22865,0,0,6495,229974,842451,180078,11.171837,111056,374014
"trace_random_size8_time90000_p[0.8, 0.2].out",20225,0,3,31395,549925,274914,719791,11.153481,1201167614,238398549
"trace_random_size32_time9000_p[0.8, 0.2].out",70512,5,301,62188,414403,317504,719802,32.016003,53824165028,16516728101
"trace_random_size32_time900000_p[0.5, 0.5].out",188601,0,26,58357,338055,658350,450266,32.057087,258135,546435
