filename,Normal_page_read_count,Multi-plane_one_shot_read_count,One_shot_read_count,Multi-plane_read_count,Multi-plane_SOML_read_count,SOML_read_count,Write_request_count,Write_request_average_size,Read_request_average_response_time,Write_request_average_response_time
"trace_random_size128_time9000000_p[0.8, 0.2].out",565145,0,0,76561,275577,402270,719737,128.008774,286686,1040576
"trace_random_size64_time9000_p[0.8, 0.2].out",168536,4,316,107527,315628,363502,720106,63.99715,79778091657,33358866812
"trace_random_size8_time9000_p[0.2, 0.8].out",10917,1,42,17992,669707,390641,179519,11.167705,16774794048,3262612054
"trace_random_size16_time900000_p[0.2, 0.8].out",82752,0,0,7180,110091,1040679,180108,16.77463,139168,415782
"trace_random_size32_time9000000_p[0.2, 0.8].out",346837,0,0,6458,95299,1135513,180970,32.027451,155339,527113
"trace_random_size8_time900000_p[0.5, 0.5].out",24190,0,0,15219,284069,701300,450001,11.166186,144656,381829
"trace_random_size32_time9000_p[0.5, 0.5].out",101375,6,747,126823,581516,362984,449913,32.031208,43600960334,12899480103
"trace_random_size128_time9000000_p[0.2, 0.8].out",2146795,0,0,346775,656039,244365,179717,128.004257,284730,1056442
"trace_random_size8_time90000_p[0.5, 0.5].out",17101,0,5,21798,544956,433548,450113,11.168034,666732,473176
"trace_random_size64_time9000000_p[0.2, 0.8].out",1056658,0,0,3768,76330,1163228,180070,64.042892,185500,729830
"trace_random_size64_time9000000_p[0.5, 0.5].out",670837,0,0,8856,160354,874961,450214,63.985874,185549,726507
"trace_random_size8_time9000000_p[0.8, 0.2].out",25777,0,0,26156,393980,435634,719835,11.167713,99474,373063
"trace_random_size128_time90000_p[0.2, 0.8].out",679221,760,14172,1160389,526564,164128,180091,128.021896,64088444449,39036485163
"trace_random_size64_time90000_p[0.8, 0.2].out",170069,0,248,106244,312342,367264,720381,64.03624,43593392791,18271502599
"trace_random_size16_time9000000_p[0.8, 0.2].out",47578,0,0,29465,320044,459724,719346,16.759941,118201,410579
"trace_random_size16_time90000000_p[0.8, 0.2].out",47669,0,0,29567,320480,459587,720102,16.768063,118552,410815
"trace_random_size64_time90000000_p[0.2, 0.8].out",1057434,0,0,3785,75802,1165310,179127,64.029213,185532,730060
"trace_random_size32_time90000_p[0.8, 0.2].out",71923,0,47,61189,406306,327215,719398,31.988323,16337844931,4832369054
"trace_random_size128_time900000_p[0.8, 0.2].out",561124,0,0,78361,276177,402628,719998,128.049515,654112,1042382
"trace_random_size8_time900000_p[0.8, 0.2].out",26266,0,0,25945,394635,434942,719842,11.172268,164479,373622
"trace_random_size8_time9000000_p[0.5, 0.5].out",24120,0,0,14896,281935,703620,449311,11.164676,99544,381130
"trace_random_size128_time900000_p[0.2, 0.8].out",2134420,0,0,354087,653372,245252,179527,127.967979,385885,1056291
"trace_random_size32_time90000000_p[0.5, 0.5].out",230696,0,0,16574,206763,830654,450495,32.001141,155268,527773
"trace_random_size8_time90000000_p[0.8, 0.2].out",25598,0,0,26170,394926,434775,720237,11.162965,99482,372865
"trace_random_size64_time90000_p[0.2, 0.8].out",312799,88,8491,531383,550441,351278,180391,64.065285,18968235497,7990687074
"trace_random_size128_time90000000_p[0.5, 0.5].out",1372575,0,0,197672,463957,377545,449211,128.014008,285932,1053343
"trace_random_size8_time90000_p[0.2, 0.8].out",20011,0,4,9111,302828,767226,179438,11.197814,346471,413206
"trace_random_size128_time90000_p[0.8, 0.2].out",368906,0,404,211766,289206,312552,720085,128.002029,98227480728,60155382755
"trace_random_size64_time900000_p[0.2, 0.8].out",1049909,0,0,7563,79281,1158581,180367,63.998028,243614,728412
"trace_random_size16_time9000000_p[0.5, 0.5].out",64667,0,0,19343,244738,759341,449979,16.772581,118234,422533
"trace_random_size64_time9000_p[0.2, 0.8].out",307681,206,8585,533775,554841,346930,180257,63.976612,55247434901,23248509976
"trace_random_size64_time90000000_p[0.5, 0.5].out",669380,0,0,9008,160060,874882,450614,63.96666,185501,726057
"trace_random_size16_time90000000_p[0.2, 0.8].out",82642,0,0,6983,106735,1043701,179411,16.766605,118265,414963
"trace_random_size64_time900000_p[0.5, 0.5].out",667437,0,0,12004,162295,870831,450034,63.980049,323994,727054
"trace_random_size64_time9000_p[0.5, 0.5].out",269859,46,3221,309137,458127,366565,450330,64.014244,69077629770,28927906748
"trace_random_size16_time9000000_p[0.2, 0.8].out",81689,0,0,7058,106879,1045355,179335,16.777813,118326,416758
"trace_random_size16_time90000_p[0.8, 0.2].out",33750,0,6,41927,474602,295081,719890,16.768354,3804422045,859179579
"trace_random_size16_time9000_p[0.2, 0.8].out",33816,6,259,52492,706981,399364,180205,16.759624,21374951702,4810423392
"trace_random_size64_time900000_p[0.8, 0.2].out",283157,0,0,12824,199228,556214,719920,64.014214,391819,712553
"trace_random_size16_time90000_p[0.2, 0.8].out",62916,1,71,25640,360098,772455,179942,16.785225,459309,484380
"trace_random_size128_time900000_p[0.5, 0.5].out",1357837,0,0,204197,463171,377518,449898,128.010101,529204,1055472
"trace_random_size8_time9000_p[0.5, 0.5].out",13506,0,15,24942,664623,312062,450114,11.176718,26413364093,5172520155
"trace_random_size128_time9000_p[0.8, 0.2].out",366237,12,371,213064,288037,311809,720309,128.025604,134857292931,82283020695
"trace_random_size8_time90000000_p[0.5, 0.5].out",24069,0,0,15155,282442,702477,449988,11.174069,99616,381908
"trace_random_size128_time9000_p[0.2, 0.8].out",679271,757,14084,1158879,527173,164431,180770,128.020035,100613494624,61247328267
"trace_random_size32_time90000_p[0.2, 0.8].out",163704,26,1328,156903,583154,527455,180399,32.019344,942394,866790
"trace_random_size128_time9000_p[0.5, 0.5].out",579742,127,5633,670487,425993,243196,449809,128.034729,119772442986,72868603910
"trace_random_size32_time900000_p[0.8, 0.2].out",114178,0,0,24000,260520,503378,720394,32.03484,260987,515121
"trace_random_size16_time9000_p[0.5, 0.5].out",32503,1,106,49198,641918,334200,450960,16.778114,31261501498,7055315398
"trace_random_size16_time90000000_p[0.5, 0.5].out",63890,0,0,19405,244118,760978,450231,16.765198,118192,422285
"trace_random_size8_time9000000_p[0.2, 0.8].out",24628,0,0,4691,115679,958775,179933,11.163061,99619,368790
"trace_random_size64_time90000_p[0.5, 0.5].out",273399,1,3115,307860,457401,368976,449703,64.021172,32797680586,13769844108
"trace_random_size32_time90000000_p[0.8, 0.2].out",114099,0,0,23803,259685,505365,720123,32.008244,155190,514507
"trace_random_size32_time90000_p[0.5, 0.5].out",103164,3,634,125890,578083,366698,450083,32.061127,8002555923,2359900662
"trace_random_size16_time90000_p[0.5, 0.5].out",37711,0,65,45166,586511,393040,449961,16.752134,880068,668518
"trace_random_size8_time9000_p[0.8, 0.2].out",19915,0,2,31593,547450,277534,719683,11.156272,33983948721,6662434564
"trace_random_size32_time9000000_p[0.5, 0.5].out",230349,0,0,16758,206385,832715,450066,31.999882,155280,528098
"trace_random_size128_time9000000_p[0.5, 0.5].out",1371896,0,0,197714,463686,377565,449483,127.974159,285958,1052262
"trace_random_size64_time90000000_p[0.8, 0.2].out",284871,0,0,12154,199237,556658,719762,63.998981,185631,712991
"trace_random_size16_time900000_p[0.8, 0.2].out",47457,0,0,29284,321181,460132,719129,16.768175,190013,410660
"trace_random_size128_time90000_p[0.5, 0.5].out",578850,139,5484,671322,426210,242672,449576,128.038589,83217636353,50658148264
"trace_random_size32_time9000_p[0.2, 0.8].out",119278,35,1964,194842,696272,380646,180352,32.01775,32504433365,9586563341
"trace_random_size32_time90000000_p[0.2, 0.8].out",346844,0,0,6645,94756,1136516,179552,32.011681,155312,527440
"trace_random_size16_time9000_p[0.8, 0.2].out",33831,0,14,42017,475814,293926,720330,16.780977,38923831296,8790574404
"trace_random_size128_time90000000_p[0.2, 0.8].out",2146575,0,0,345792,655266,244630,180098,127.959946,284653,1057301
"trace_random_size64_time9000000_p[0.8, 0.2].out",284410,0,0,11968,198182,556456,719713,63.988636,185561,711914
"trace_random_size128_time90000000_p[0.8, 0.2].out",565917,0,0,76799,277234,402329,719266,128.005951,286702,1041438
"trace_random_size16_time900000_p[0.5, 0.5].out",64878,0,0,19679,246854,758526,449509,16.786852,168531,423463
"trace_random_size8_time900000_p[0.2, 0.8].out",24476,0,0,4822,118561,955280,181057,11.159227,117871,369537
"trace_random_size32_time900000_p[0.2, 0.8].out",345547,0,0,7606,97905,1133233,179649,32.031864,185196,528517
"trace_random_size32_time9000000_p[0.8, 0.2].out",114120,0,0,23513,260523,504448,720394,32.055885,155298,514743
"trace_random_size8_time90000000_p[0.2, 0.8].out",24674,0,0,4701,115879,958319,180078,11.171837,99648,369411
"trace_random_size8_time90000_p[0.8, 0.2].out",20485,0,0,31351,543675,280998,719791,11.153605,803485620,157554285
"trace_random_size32_time9000_p[0.8, 0.2].out",71691,0,85,61183,407054,326363,719802,32.016003,51950901582,15402802065
"trace_random_size32_time900000_p[0.5, 0.5].out",230137,0,0,17439,207459,829324,450266,32.056561,227046,528702
