filename,Normal_page_read_count,Multi-plane_one_shot_read_count,One_shot_read_count,Multi-plane_read_count,Multi-plane_SOML_read_count,SOML_read_count,Write_request_count,Write_request_average_size,Read_request_average_response_time,Write_request_average_response_time
"trace_random_size128_time9000000_p[0.8, 0.2].out",422345,0,0,147398,68783,610170,719737,128.008774,378923,1341484
"trace_random_size64_time9000_p[0.8, 0.2].out",136972,4,406,131149,299632,363513,720106,63.99715,78681736705,38621244827
"trace_random_size8_time9000_p[0.2, 0.8].out",10835,0,27,18121,712586,347495,179519,11.167622,18069481138,3706325692
"trace_random_size16_time900000_p[0.2, 0.8].out",80236,0,0,9894,141121,1006668,180108,16.774506,137429,405503
"trace_random_size32_time9000000_p[0.2, 0.8].out",307628,0,0,45383,135912,1056219,180970,32.027451,165660,541821
"trace_random_size8_time900000_p[0.5, 0.5].out",30121,0,0,9649,210453,779954,450001,11.166232,132588,361320
"trace_random_size32_time9000_p[0.5, 0.5].out",82420,15,589,143656,630251,299894,449913,32.031677,41880486193,13600678483
"trace_random_size128_time9000000_p[0.2, 0.8].out",1971425,0,0,374159,165689,855298,179717,128.004257,333454,1358132
"trace_random_size8_time90000_p[0.5, 0.5].out",19857,0,12,19255,515958,464662,450113,11.168033,685371,570189
"trace_random_size64_time9000000_p[0.2, 0.8].out",892138,0,0,138789,79516,1054501,180070,64.042892,215075,817522
"trace_random_size64_time9000000_p[0.5, 0.5].out",510559,0,0,137991,85931,851373,450214,63.985874,226464,818758
"trace_random_size8_time9000000_p[0.8, 0.2].out",37746,0,0,15090,239893,599675,719835,11.167713,102928,356109
"trace_random_size128_time90000_p[0.2, 0.8].out",500975,5391,14176,1243168,439208,236339,180091,128.021225,63328556672,52132372352
"trace_random_size64_time90000_p[0.8, 0.2].out",138256,0,385,129716,298780,365252,720381,64.035835,42479733897,20895988933
"trace_random_size16_time9000000_p[0.8, 0.2].out",60978,0,0,17355,203925,586542,719346,16.759941,123879,407065
"trace_random_size16_time90000000_p[0.8, 0.2].out",61197,0,0,17213,204218,586907,720102,16.768063,124231,407205
"trace_random_size64_time90000000_p[0.2, 0.8].out",893125,0,0,138606,79424,1056337,179127,64.029213,215149,818662
"trace_random_size32_time90000_p[0.8, 0.2].out",65376,0,59,67573,413872,313338,719398,31.988142,14899428002,4839906452
"trace_random_size128_time900000_p[0.8, 0.2].out",424281,0,47,146513,72103,607076,719998,128.05365,760004,1440767
"trace_random_size8_time900000_p[0.8, 0.2].out",38294,0,0,14745,240748,598989,719842,11.171897,146934,356161
"trace_random_size8_time9000000_p[0.5, 0.5].out",29866,0,0,9540,209534,780826,449311,11.164676,102973,360838
"trace_random_size128_time900000_p[0.2, 0.8].out",1964577,0,112,379811,165080,851585,179527,127.967735,440592,1390472
"trace_random_size32_time90000000_p[0.5, 0.5].out",198908,0,0,48496,187035,818274,450495,32.001141,168081,546336
"trace_random_size8_time90000000_p[0.8, 0.2].out",37777,0,0,14966,239484,600236,720237,11.162965,102962,356098
"trace_random_size64_time90000_p[0.2, 0.8].out",239404,874,4779,581326,614268,267360,180391,64.065956,17622634510,8685846773
"trace_random_size128_time90000000_p[0.5, 0.5].out",1119960,0,0,308822,119321,752481,449211,128.014008,359370,1355309
"trace_random_size8_time90000_p[0.2, 0.8].out",21423,0,0,7825,295779,775332,179438,11.197831,342703,478740
"trace_random_size128_time90000_p[0.8, 0.2].out",286275,12,2854,247584,213897,391416,720085,128.002029,98069653645,81037357133
"trace_random_size64_time900000_p[0.2, 0.8].out",889242,0,0,139769,80224,1053868,180367,63.998211,263847,820885
"trace_random_size16_time9000000_p[0.5, 0.5].out",69249,0,0,15457,202944,804231,449979,16.772581,123606,414604
"trace_random_size64_time9000_p[0.2, 0.8].out",229937,1079,4708,586524,622246,258148,180257,63.976654,53861710219,26531775470
"trace_random_size64_time90000000_p[0.5, 0.5].out",509894,0,0,137637,85241,851898,450614,63.96666,226240,818481
"trace_random_size16_time90000000_p[0.2, 0.8].out",80016,0,0,9771,140414,1007004,179411,16.766605,123012,404481
"trace_random_size64_time900000_p[0.5, 0.5].out",511389,0,0,137840,87114,850352,450034,63.979965,339225,827070
"trace_random_size64_time9000_p[0.5, 0.5].out",210453,115,2792,352651,482690,315215,450330,64.013229,67515064877,33176911540
"trace_random_size16_time9000000_p[0.2, 0.8].out",79344,0,0,9625,140724,1008640,179335,16.777813,123051,405568
"trace_random_size16_time90000_p[0.8, 0.2].out",33895,0,4,41982,481344,287993,719890,16.768171,2691678280,651423116
"trace_random_size16_time9000_p[0.2, 0.8].out",30699,10,145,55535,757964,345640,180205,16.759142,22324686141,5378309206
"trace_random_size64_time900000_p[0.8, 0.2].out",208221,0,0,72095,76535,635272,719920,64.014214,400876,820461
"trace_random_size16_time90000_p[0.2, 0.8].out",62507,2,45,26263,371065,760662,179942,16.785072,461753,589214
"trace_random_size128_time900000_p[0.5, 0.5].out",1112833,0,184,312284,122670,746279,449898,128.009674,616638,1427531
"trace_random_size8_time9000_p[0.5, 0.5].out",12693,0,12,25850,708542,266978,450114,11.177021,25306482006,5214491666
"trace_random_size128_time9000_p[0.8, 0.2].out",284415,48,2755,248083,213946,390301,720309,128.020096,134768056393,110918963895
"trace_random_size8_time90000000_p[0.5, 0.5].out",29982,0,0,9657,209035,780776,449988,11.174069,102995,361366
"trace_random_size128_time9000_p[0.2, 0.8].out",501935,5102,14155,1241966,437905,238538,180770,128.021164,99891452200,82203702658
"trace_random_size32_time90000_p[0.2, 0.8].out",141612,173,691,176315,635035,459833,180399,32.019398,1029151,953616
"trace_random_size128_time9000_p[0.5, 0.5].out",458726,1226,8514,728027,342336,317526,449809,128.035751,119242598809,97989935608
"trace_random_size32_time900000_p[0.8, 0.2].out",108867,0,0,30019,174877,582244,720394,32.033974,250442,538136
"trace_random_size16_time9000_p[0.5, 0.5].out",28360,1,66,53033,690504,282108,450960,16.77808,29906165146,7219411144
"trace_random_size16_time90000000_p[0.5, 0.5].out",68717,0,0,15287,203012,805399,450231,16.765198,123521,414205
"trace_random_size8_time9000000_p[0.2, 0.8].out",25551,0,0,3858,129766,945302,179933,11.163061,102779,347880
"trace_random_size64_time90000_p[0.5, 0.5].out",215385,103,2768,349953,480923,319690,449703,64.019241,31314766890,15395865913
"trace_random_size32_time90000000_p[0.8, 0.2].out",108687,0,0,29892,175886,582336,720123,32.008244,169635,537546
"trace_random_size32_time90000_p[0.5, 0.5].out",86160,10,629,140821,622553,309298,450083,32.062775,6392999701,2070026980
"trace_random_size16_time90000_p[0.5, 0.5].out",38547,0,58,44457,584747,395306,449961,16.751425,879227,697253
"trace_random_size8_time9000_p[0.8, 0.2].out",20689,0,2,31106,546130,278846,719683,11.156371,32731559471,6758354410
"trace_random_size32_time9000000_p[0.5, 0.5].out",198951,0,0,48242,186934,820539,450066,31.999882,168046,546737
"trace_random_size128_time9000000_p[0.5, 0.5].out",1118894,0,0,309424,120139,750676,449483,127.974159,359489,1355001
"trace_random_size64_time90000000_p[0.8, 0.2].out",209058,0,0,72023,76123,635829,719762,63.998981,234695,808073
"trace_random_size16_time900000_p[0.8, 0.2].out",60700,0,0,17306,204347,587566,719129,16.767277,176290,407244
"trace_random_size128_time90000_p[0.5, 0.5].out",458934,1279,8557,728641,340843,317235,449576,128.03746,82690798822,68011288381
"trace_random_size32_time9000_p[0.2, 0.8].out",98844,148,980,211956,755352,309996,180352,32.01823,32364170159,10449815356
"trace_random_size32_time90000000_p[0.2, 0.8].out",308165,0,0,45011,135200,1057965,179552,32.011681,165527,542179
"trace_random_size16_time9000_p[0.8, 0.2].out",33761,0,2,42259,481396,287875,720330,16.780973,37639411728,9102009043
"trace_random_size128_time90000000_p[0.2, 0.8].out",1969737,0,0,374640,164867,854159,180098,127.959946,333409,1357465
"trace_random_size64_time9000000_p[0.8, 0.2].out",208121,0,0,72215,76417,634003,719713,63.988636,234309,807396
"trace_random_size128_time90000000_p[0.8, 0.2].out",422490,0,0,148177,69038,611183,719266,128.005951,379289,1341545
"trace_random_size16_time900000_p[0.5, 0.5].out",69552,0,0,15684,203072,805538,449509,16.78713,159021,415112
"trace_random_size8_time900000_p[0.2, 0.8].out",25391,0,0,4027,131233,943154,181057,11.159042,114841,347593
"trace_random_size32_time900000_p[0.2, 0.8].out",307824,0,0,45059,137333,1056583,179649,32.031555,188770,542419
"trace_random_size32_time9000000_p[0.8, 0.2].out",108638,0,0,29784,174698,583162,720394,32.055885,169708,537678
"trace_random_size8_time90000000_p[0.2, 0.8].out",25633,0,0,3831,130107,944757,180078,11.171837,102830,347988
"trace_random_size8_time90000_p[0.8, 0.2].out",22210,0,0,29991,531393,294039,719791,11.153732,325729988,67606676
"trace_random_size32_time9000_p[0.8, 0.2].out",64756,1,50,68080,415777,310815,719802,32.015583,50477108401,16427463873
"trace_random_size32_time900000_p[0.5, 0.5].out",198956,0,0,48782,186670,818556,450266,32.057598,222668,547409
