filename,Normal_page_read_count,Multi-plane_one_shot_read_count,One_shot_read_count,Multi-plane_read_count,Multi-plane_SOML_read_count,SOML_read_count,Write_request_count,Write_request_average_size,Read_request_average_response_time,Write_request_average_response_time
"trace_seq_size8_time9000000_p[0.8, 0.2].out",48885,0,12,6383,28912,201435,720243,11.18881,79010,125990
"trace_seq_size128_time9000_p[0.5, 0.5].out",120967,92,109,847102,346796,168302,450186,128.022369,108964593957,47633063081
"trace_seq_size32_time9000_p[0.5, 0.5].out",52535,3,229,169000,437237,111052,450036,32.028923,30812112118,7431637715
"trace_seq_size64_time900000_p[0.5, 0.5].out",113124,0,0,414807,93417,581641,450143,63.991581,340282,680958
"trace_seq_size16_time9000_p[0.8, 0.2].out",24534,0,31,45950,160860,59527,719914,16.767479,13157048396,1629176715
"trace_seq_size32_time9000000_p[0.2, 0.8].out",198468,1,60,152744,376926,654587,179726,31.975073,165340,495693
"trace_seq_size8_time90000_p[0.5, 0.5].out",49725,2,309,29132,133027,324534,449570,11.195313,220366,269721
"trace_seq_size8_time9000_p[0.2, 0.8].out",12370,3,62,36676,270859,102056,179878,11.185887,3170321164,1088699394
"trace_seq_size128_time900000_p[0.8, 0.2].out",45734,0,0,342438,28444,319895,719521,128.013672,590853,836627
"trace_seq_size128_time90000000_p[0.8, 0.2].out",45208,0,0,340985,28850,320120,720456,127.995102,339610,743102
"trace_seq_size8_time90000_p[0.2, 0.8].out",34817,1,98,22346,150506,495025,180431,11.166552,138899,347383
"trace_seq_size16_time9000000_p[0.8, 0.2].out",73739,0,6,9935,57284,223860,719676,16.785879,102957,186385
"trace_seq_size128_time90000000_p[0.5, 0.5].out",111832,0,0,872301,92044,581841,449896,127.987587,342324,824430
"trace_seq_size128_time90000000_p[0.2, 0.8].out",180413,0,0,1422261,76548,676478,179818,128.003525,345227,884792
"trace_seq_size32_time90000_p[0.2, 0.8].out",125092,0,81,150152,317304,324663,180356,31.986002,517586,804951
"trace_seq_size64_time9000000_p[0.2, 0.8].out",180198,0,0,697846,74130,686168,179984,64.037712,254186,686161
"trace_seq_size32_time9000_p[0.8, 0.2].out",49046,0,37,79871,200785,82545,719940,32.006828,30213189644,5952749099
"trace_seq_size32_time90000000_p[0.8, 0.2].out",121556,0,13,31834,101680,236044,719749,32.005428,157794,332911
"trace_seq_size128_time90000_p[0.5, 0.5].out",121350,3,78,847442,348704,167570,449907,127.986649,72434217474,31689101002
"trace_seq_size32_time90000_p[0.8, 0.2].out",60228,0,20,70692,180472,107530,720195,32.039246,947472,494206
"trace_seq_size16_time90000_p[0.8, 0.2].out",58471,0,12,21525,89418,155138,720167,16.797335,440299,258213
"trace_seq_size32_time9000_p[0.2, 0.8].out",49013,2,119,198670,472034,118743,180480,31.983232,21441398604,6138135369
"trace_seq_size8_time9000000_p[0.5, 0.5].out",62348,0,337,19829,96273,494676,449749,11.149608,84936,189431
"trace_seq_size64_time900000_p[0.8, 0.2].out",45467,0,0,158684,31489,322693,720046,63.989906,357993,597015
"trace_seq_size128_time900000_p[0.5, 0.5].out",113009,0,0,870787,96599,565137,449564,128.003372,533101,871991
"trace_seq_size8_time900000_p[0.5, 0.5].out",62174,0,325,19733,96810,490868,450823,11.155958,97765,191166
"trace_seq_size8_time900000_p[0.8, 0.2].out",48619,0,16,6438,28902,200346,721109,11.161826,90923,125813
"trace_seq_size16_time90000000_p[0.2, 0.8].out",84500,0,110,34190,265132,731426,180143,16.835958,112893,344441
"trace_seq_size8_time90000000_p[0.8, 0.2].out",49132,0,13,6443,29294,202430,719512,11.168679,79070,126010
"trace_seq_size16_time9000_p[0.2, 0.8].out",20210,1,69,66649,373830,106088,180318,16.769518,7160033789,2173977165
"trace_seq_size128_time9000_p[0.8, 0.2].out",60588,44,4,334915,123393,195322,719969,128.012589,113929701960,48503791904
"trace_seq_size16_time9000_p[0.5, 0.5].out",27057,7,219,85088,339288,84917,450719,16.798851,12953177823,2536898879
"trace_seq_size64_time90000000_p[0.5, 0.5].out",112782,0,0,417000,89052,590928,450367,64.023773,249274,632370
"trace_seq_size128_time900000_p[0.2, 0.8].out",179494,0,0,1420382,79658,659644,179873,128.001373,429994,915007
"trace_seq_size8_time9000_p[0.5, 0.5].out",17721,2,180,52579,263047,75167,449295,11.18073,6529377927,1188151204
"trace_seq_size64_time90000000_p[0.8, 0.2].out",45015,0,0,159246,30118,324590,720069,64.013161,244383,564314
"trace_seq_size32_time90000_p[0.5, 0.5].out",68723,12,224,163137,390137,154845,449569,32.034119,1205561,849890
"trace_seq_size64_time90000000_p[0.2, 0.8].out",180081,0,0,697606,73754,686422,180286,63.966087,254178,686660
"trace_seq_size32_time9000000_p[0.8, 0.2].out",126980,0,12,32363,101316,230521,719753,32.022396,157889,332803
"trace_seq_size32_time90000000_p[0.2, 0.8].out",199539,1,69,152052,376398,652493,180292,32.07019,165087,494678
"trace_seq_size8_time900000_p[0.2, 0.8].out",43385,0,145,17995,165512,740933,180169,11.166247,99020,276741
"trace_seq_size16_time90000000_p[0.8, 0.2].out",73978,0,11,9874,56718,222651,720215,16.771118,102811,186147
"trace_seq_size16_time900000_p[0.2, 0.8].out",83914,0,118,33955,266885,727222,179279,16.807642,124856,351868
"trace_seq_size8_time90000_p[0.8, 0.2].out",42105,0,19,11661,48945,156661,720238,11.171297,262211,159709
"trace_seq_size8_time90000000_p[0.2, 0.8].out",43605,0,104,17750,165567,744308,180024,11.171506,90913,272341
"trace_seq_size128_time90000_p[0.8, 0.2].out",60963,0,1,335098,124607,195366,719737,128.01947,78016597988,33072547196
"trace_seq_size32_time900000_p[0.2, 0.8].out",197457,0,60,153036,376500,646963,180205,32.019718,187203,513987
"trace_seq_size16_time9000000_p[0.5, 0.5].out",105056,0,317,31981,162156,508256,450299,16.784006,107919,262579
"trace_seq_size32_time900000_p[0.8, 0.2].out",118574,0,7,31850,101662,236649,720319,32.0326,205803,344295
"trace_seq_size64_time9000000_p[0.8, 0.2].out",44894,0,0,159726,30676,325214,719682,63.984432,244430,564157
"trace_seq_size32_time9000000_p[0.5, 0.5].out",194881,0,271,95321,258818,488986,450157,31.999844,161601,420165
"trace_seq_size128_time9000_p[0.2, 0.8].out",106629,411,461,1371003,274509,97469,180908,127.97789,90647954236,41632677668
"trace_seq_size64_time90000_p[0.5, 0.5].out",80479,0,101,382838,411023,155971,450567,64.008904,22663400031,7900464274
"trace_seq_size64_time9000_p[0.2, 0.8].out",84402,19,542,609305,366169,97107,180116,63.964806,45746975515,16606179278
"trace_seq_size16_time9000000_p[0.2, 0.8].out",83693,0,104,34153,265856,731134,180166,16.743074,112819,342535
"trace_seq_size128_time9000000_p[0.5, 0.5].out",112503,0,0,872633,92404,581234,449679,127.998535,342471,824597
"trace_seq_size8_time90000000_p[0.5, 0.5].out",62189,0,287,19955,97082,494538,449248,11.161341,85009,189688
"trace_seq_size16_time900000_p[0.8, 0.2].out",73969,0,5,9953,56886,222600,719783,16.774063,123046,187693
"trace_seq_size32_time90000000_p[0.5, 0.5].out",192767,0,271,95367,259532,492381,449838,32.041325,161728,420840
"trace_seq_size64_time9000_p[0.8, 0.2].out",43638,0,2,155159,174820,158586,719266,63.977142,59255706082,19582868187
"trace_seq_size64_time90000_p[0.2, 0.8].out",90845,10,531,605944,361774,103290,180337,64.031593,9868127677,3603323224
"trace_seq_size64_time9000000_p[0.5, 0.5].out",112929,0,0,417620,88832,591917,449697,64.007889,249225,632844
"trace_seq_size16_time90000_p[0.5, 0.5].out",73391,1,271,52247,205441,289592,450037,16.797848,369356,403727
"trace_seq_size16_time90000_p[0.2, 0.8].out",59196,1,93,43047,204565,446470,180357,16.781361,213832,570771
"trace_seq_size128_time90000_p[0.2, 0.8].out",106952,390,445,1373046,274372,97711,179721,128.021149,53985909928,24424636095
"trace_seq_size128_time9000000_p[0.2, 0.8].out",180299,0,0,1423610,76010,677375,179340,128.004898,345348,884510
"trace_seq_size8_time9000000_p[0.2, 0.8].out",43496,0,114,17786,164393,744130,179939,11.169279,90891,271109
"trace_seq_size32_time900000_p[0.5, 0.5].out",193757,0,278,96083,259198,483224,450345,32.056694,205148,445920
"trace_seq_size64_time90000_p[0.8, 0.2].out",43230,0,0,154282,174267,159327,720168,64.059052,23225509816,7666281776
"trace_seq_size64_time9000_p[0.5, 0.5].out",79386,10,119,384000,414621,154533,449503,64.05854,58870732767,20459250187
"trace_seq_size16_time90000000_p[0.5, 0.5].out",104851,0,327,32263,161928,508047,449732,16.800346,107859,262586
"trace_seq_size128_time9000000_p[0.8, 0.2].out",45224,0,0,342887,29236,322040,719530,128.043121,339434,743174
"trace_seq_size64_time900000_p[0.2, 0.8].out",179656,0,0,695445,75648,676503,180132,63.986042,296105,716012
"trace_seq_size16_time900000_p[0.5, 0.5].out",104589,0,349,31822,161766,503890,450375,16.770916,129183,268929
"trace_seq_size8_time9000_p[0.8, 0.2].out",16969,0,40,31838,124935,47316,719325,11.161003,6775591681,654807969
