filename,Normal_page_read_count,Multi-plane_one_shot_read_count,One_shot_read_count,Multi-plane_read_count,Multi-plane_SOML_read_count,SOML_read_count,Write_request_count,Write_request_average_size,Read_request_average_response_time,Write_request_average_response_time
"trace_seq_size8_time9000000_p[0.8, 0.2].out",26784,4,271,21280,22286,199569,720243,11.18881,84126,131430
"trace_seq_size128_time9000_p[0.5, 0.5].out",400725,9706,24543,594073,343740,259637,450186,128.018921,115795183763,75311615919
"trace_seq_size32_time9000_p[0.5, 0.5].out",75834,406,1895,144236,394179,173447,450036,32.028652,32104088111,7924310601
"trace_seq_size64_time900000_p[0.5, 0.5].out",516879,1,8042,59886,350262,605909,450143,63.991653,413175,715762
"trace_seq_size16_time9000_p[0.8, 0.2].out",29780,16,427,42022,127752,93138,719914,16.767374,13546557668,1681861742
"trace_seq_size32_time9000000_p[0.2, 0.8].out",275864,5,683,61285,209260,925882,179726,31.975073,202323,559549
"trace_seq_size8_time90000_p[0.5, 0.5].out",22266,73,395,47084,111568,326427,449570,11.195263,211782,214454
"trace_seq_size8_time9000_p[0.2, 0.8].out",11388,72,301,34847,272197,99387,179878,11.185836,3237454126,1142406998
"trace_seq_size128_time900000_p[0.8, 0.2].out",350715,27,12658,138054,131210,282006,719521,128.013794,696394,1044853
"trace_seq_size128_time90000000_p[0.8, 0.2].out",353779,1,12327,135548,131028,283258,720456,127.995102,548104,1043950
"trace_seq_size8_time90000_p[0.2, 0.8].out",19816,14,405,30780,107319,512982,180431,11.166645,135572,323021
"trace_seq_size16_time9000000_p[0.8, 0.2].out",43869,8,445,28326,38363,234508,719676,16.785879,114535,194123
"trace_seq_size128_time90000000_p[0.5, 0.5].out",894317,4,30909,355648,290390,541567,449896,127.987587,554363,1130325
"trace_seq_size128_time90000000_p[0.2, 0.8].out",1440947,12,49937,596005,343198,651922,179818,128.003525,560383,1218502
"trace_seq_size32_time90000_p[0.2, 0.8].out",124626,758,1838,131332,343918,306380,180356,31.986088,577947,711857
"trace_seq_size64_time9000000_p[0.2, 0.8].out",873893,0,15967,99804,411698,803088,179984,64.037712,357864,811878
"trace_seq_size32_time9000_p[0.8, 0.2].out",67724,18,930,62052,149309,147706,719940,32.006836,31506586082,6196262325
"trace_seq_size32_time90000000_p[0.8, 0.2].out",105850,3,521,29776,76700,279305,719749,32.005428,190664,343728
"trace_seq_size128_time90000_p[0.5, 0.5].out",399313,9676,24788,594811,345934,258498,449907,127.986679,79334706097,51694810315
"trace_seq_size32_time90000_p[0.8, 0.2].out",76709,25,831,53881,131391,170719,720195,32.039368,889014,437297
"trace_seq_size16_time90000_p[0.8, 0.2].out",40698,11,514,30187,63231,178191,720167,16.797831,436479,196508
"trace_seq_size32_time9000_p[0.2, 0.8].out",80986,1123,2170,165141,430198,187832,180480,31.983587,23018945821,6822365258
"trace_seq_size8_time9000000_p[0.5, 0.5].out",26518,63,394,45204,79736,495749,449749,11.149608,91170,208967
"trace_seq_size64_time900000_p[0.8, 0.2].out",200045,0,2535,20842,149924,317512,720046,63.989941,412992,603566
"trace_seq_size128_time900000_p[0.5, 0.5].out",866909,384,31020,366982,287703,529072,449564,128.00209,673949,1135241
"trace_seq_size8_time900000_p[0.5, 0.5].out",25999,78,397,45279,79679,492250,450823,11.155959,109022,208342
"trace_seq_size8_time900000_p[0.8, 0.2].out",26368,2,266,21455,22152,198540,721109,11.161793,99188,130950
"trace_seq_size16_time90000000_p[0.2, 0.8].out",69089,9,584,40186,124995,873501,180143,16.835958,127229,392900
"trace_seq_size8_time90000000_p[0.8, 0.2].out",26519,9,322,21569,22450,200657,719512,11.168679,84263,131454
"trace_seq_size16_time9000_p[0.2, 0.8].out",23178,203,617,59306,349249,136813,180318,16.769442,7604867257,2373591824
"trace_seq_size128_time9000_p[0.8, 0.2].out",255010,1563,11798,189667,156056,211371,719969,128.011856,120719477246,76482467527
"trace_seq_size16_time9000_p[0.5, 0.5].out",29266,184,760,78748,326012,105303,450719,16.79921,13156411701,2599044638
"trace_seq_size64_time90000000_p[0.5, 0.5].out",524900,0,8300,56818,351562,611766,450367,64.023773,348219,715500
"trace_seq_size128_time900000_p[0.2, 0.8].out",1407011,653,48772,609540,342068,637272,179873,128.001373,618020,1225145
"trace_seq_size8_time9000_p[0.5, 0.5].out",16629,123,375,50882,267397,71937,449295,11.180805,6369396634,1169103913
"trace_seq_size64_time90000000_p[0.8, 0.2].out",201584,0,2546,20565,149650,318213,720069,64.013161,338740,603666
"trace_seq_size32_time90000_p[0.5, 0.5].out",82873,390,1879,144337,371996,187775,449569,32.034882,2495538,1270217
"trace_seq_size64_time90000000_p[0.2, 0.8].out",874070,0,15790,99533,412770,802193,180286,63.966087,357966,811270
"trace_seq_size32_time9000000_p[0.8, 0.2].out",109026,0,546,31354,74402,275807,719753,32.022396,190860,343747
"trace_seq_size32_time90000000_p[0.2, 0.8].out",275594,3,770,61442,207370,924576,180292,32.07019,201983,558440
"trace_seq_size8_time900000_p[0.2, 0.8].out",26337,13,439,29322,92121,807866,180169,11.166282,109609,310495
"trace_seq_size16_time90000000_p[0.8, 0.2].out",44029,3,457,28177,37956,233405,720215,16.771118,114252,193764
"trace_seq_size16_time900000_p[0.2, 0.8].out",68585,12,639,40002,124756,871052,179279,16.807732,143276,392082
"trace_seq_size8_time90000_p[0.8, 0.2].out",25697,5,288,21889,35580,162989,720238,11.17135,265521,132001
"trace_seq_size8_time90000000_p[0.2, 0.8].out",26495,10,429,29108,91547,811692,180024,11.171506,98282,310522
"trace_seq_size128_time90000_p[0.8, 0.2].out",255754,1539,11819,190094,155116,212631,719737,128.019592,84818982231,53459988878
"trace_seq_size32_time900000_p[0.2, 0.8].out",274269,1,818,62014,207211,918994,180205,32.019688,227376,560086
"trace_seq_size16_time9000000_p[0.5, 0.5].out",57634,50,774,60519,105322,553770,450299,16.784006,120843,289234
"trace_seq_size32_time900000_p[0.8, 0.2].out",104493,3,511,28887,78236,278538,720319,32.032658,232707,343515
"trace_seq_size64_time9000000_p[0.8, 0.2].out",202221,0,2616,20213,150438,319302,719682,63.984432,338676,603817
"trace_seq_size32_time9000000_p[0.5, 0.5].out",192986,9,1235,67322,186227,616526,450157,31.999844,196591,457313
"trace_seq_size128_time9000_p[0.2, 0.8].out",360826,27299,27527,1047802,376435,152525,180908,127.977516,94806433065,63968936270
"trace_seq_size64_time90000_p[0.5, 0.5].out",192135,1614,5303,254809,442599,243028,450567,64.009254,25504271148,10101382923
"trace_seq_size64_time9000_p[0.2, 0.8].out",202139,6333,7006,438129,475536,165931,180116,63.964832,48417221350,20743816596
"trace_seq_size16_time9000000_p[0.2, 0.8].out",68342,8,594,40159,125434,873382,180166,16.743074,127169,391079
"trace_seq_size128_time9000000_p[0.5, 0.5].out",894270,2,30978,356590,290284,540726,449679,127.998535,554479,1131780
"trace_seq_size8_time90000000_p[0.5, 0.5].out",26337,74,425,45104,79670,496650,449248,11.161341,91239,209274
"trace_seq_size16_time900000_p[0.8, 0.2].out",43752,4,433,28471,37946,233470,719783,16.773849,136805,193954
"trace_seq_size32_time90000000_p[0.5, 0.5].out",192455,11,1202,66429,189640,617604,449838,32.041325,196831,458081
"trace_seq_size64_time9000_p[0.8, 0.2].out",129022,95,2167,70519,193651,215894,719266,63.977142,62109519915,22122462386
"trace_seq_size64_time90000_p[0.2, 0.8].out",208794,6113,6983,434276,476056,168501,180337,64.031898,12435684979,5356609759
"trace_seq_size64_time9000000_p[0.5, 0.5].out",525269,0,8300,56696,351944,613415,449697,64.007889,348308,714811
"trace_seq_size16_time90000_p[0.5, 0.5].out",42618,67,870,67113,174812,308486,450037,16.798195,349815,304258
"trace_seq_size16_time90000_p[0.2, 0.8].out",44178,44,642,45676,158163,470646,180357,16.78104,205245,424987
"trace_seq_size128_time90000_p[0.2, 0.8].out",359129,26913,27051,1052593,377503,151045,179721,128.021606,58104464275,39409569421
"trace_seq_size128_time9000000_p[0.2, 0.8].out",1442851,18,49946,596389,342992,652337,179340,128.004898,560382,1218546
"trace_seq_size8_time9000000_p[0.2, 0.8].out",26583,15,430,29068,91289,810544,179939,11.169279,98221,309338
"trace_seq_size32_time900000_p[0.5, 0.5].out",191972,6,1317,67893,186150,611223,450345,32.056465,241176,458021
"trace_seq_size64_time90000_p[0.8, 0.2].out",128898,78,2365,69362,192475,217051,720168,64.061256,26057976970,9283182254
"trace_seq_size64_time9000_p[0.5, 0.5].out",189307,1633,5495,257056,444850,241751,449503,64.055786,61675424892,24393570903
"trace_seq_size16_time90000000_p[0.5, 0.5].out",57578,41,833,60515,104615,554364,449732,16.800346,120803,289244
"trace_seq_size128_time9000000_p[0.8, 0.2].out",356202,0,12517,135776,132252,284718,719530,128.043121,547918,1044471
"trace_seq_size64_time900000_p[0.2, 0.8].out",862888,0,15963,103692,410821,792612,180132,63.986115,392143,813825
"trace_seq_size16_time900000_p[0.5, 0.5].out",56690,35,841,60737,104858,549336,450375,16.771269,146539,288662
"trace_seq_size8_time9000_p[0.8, 0.2].out",19039,13,198,29857,108281,64574,719325,11.160784,6916288972,670838775
