filename,Normal_page_read_count,Multi-plane_one_shot_read_count,One_shot_read_count,Multi-plane_read_count,Multi-plane_SOML_read_count,SOML_read_count,Write_request_count,Write_request_average_size,Read_request_average_response_time,Write_request_average_response_time
"trace_seq_size8_time9000000_p[0.8, 0.2].out",25686,0,219,22503,13842,206839,720243,11.18881,76985,130587
"trace_seq_size128_time9000_p[0.5, 0.5].out",460102,110,6984,603148,486704,160764,450186,128.023071,113369842495,64068649970
"trace_seq_size32_time9000_p[0.5, 0.5].out",71759,12,888,150214,375195,193922,450036,32.029224,31894531184,7512246534
"trace_seq_size64_time900000_p[0.5, 0.5].out",614075,0,0,2246,182294,817374,450143,63.991653,310925,666896
"trace_seq_size16_time9000_p[0.8, 0.2].out",28367,0,265,43494,125725,95165,719914,16.767014,13510114030,1652285164
"trace_seq_size32_time9000000_p[0.2, 0.8].out",301902,1,350,34779,63320,1099821,179726,31.975073,148520,538381
"trace_seq_size8_time90000_p[0.5, 0.5].out",21935,0,322,48409,103560,347621,449570,11.195145,211829,217149
"trace_seq_size8_time9000_p[0.2, 0.8].out",8568,0,152,37507,227667,152306,179878,11.185944,3135740060,1050385269
"trace_seq_size128_time900000_p[0.8, 0.2].out",535076,0,0,57464,281018,148997,719521,128.013672,602473,917716
"trace_seq_size128_time90000000_p[0.8, 0.2].out",537470,0,0,54731,281338,147878,720456,127.995102,274655,919092
"trace_seq_size8_time90000_p[0.2, 0.8].out",21589,2,257,31880,87470,565906,180431,11.166653,133927,318645
"trace_seq_size16_time9000000_p[0.8, 0.2].out",42935,0,313,29662,20251,251326,719676,16.785879,98544,191871
"trace_seq_size128_time90000000_p[0.5, 0.5].out",1336023,0,0,180576,602050,231095,449896,127.987587,278790,1017020
"trace_seq_size128_time90000000_p[0.2, 0.8].out",2121474,0,0,359611,771602,165666,179818,128.003525,282944,1101499
"trace_seq_size32_time90000_p[0.2, 0.8].out",164832,1,263,110831,244272,451032,180356,31.986204,496853,658544
"trace_seq_size64_time9000000_p[0.2, 0.8].out",1044218,0,0,0,119316,1172658,179984,64.037712,185604,763696
"trace_seq_size32_time9000_p[0.8, 0.2].out",63407,1,435,66901,149563,144555,719940,32.006836,31138726309,5923440332
"trace_seq_size32_time90000000_p[0.8, 0.2].out",109282,0,361,25506,43414,318197,719749,32.005428,143508,333275
"trace_seq_size128_time90000_p[0.5, 0.5].out",462100,43,6719,602306,488956,160638,449907,127.986702,76791722460,43469802200
"trace_seq_size32_time90000_p[0.8, 0.2].out",74266,0,425,56680,131140,170031,720195,32.039417,999421,421765
"trace_seq_size16_time90000_p[0.8, 0.2].out",39446,0,324,32280,51859,190409,720167,16.798443,443606,201159
"trace_seq_size32_time9000_p[0.2, 0.8].out",81652,11,513,171092,386286,230123,180480,31.983335,21742918967,6176741117
"trace_seq_size8_time9000000_p[0.5, 0.5].out",25512,1,322,46389,53589,521124,449749,11.149608,82495,205522
"trace_seq_size64_time900000_p[0.8, 0.2].out",233267,0,0,197,76364,407447,720046,63.98988,333648,560780
"trace_seq_size128_time900000_p[0.5, 0.5].out",1297618,0,0,197910,591362,235146,449564,128.003372,530648,1016541
"trace_seq_size8_time900000_p[0.5, 0.5].out",25713,0,337,46064,53047,518373,450823,11.156095,101607,205145
"trace_seq_size8_time900000_p[0.8, 0.2].out",25420,0,266,22372,13504,206352,721109,11.162107,91599,130178
"trace_seq_size16_time90000000_p[0.2, 0.8].out",71534,1,409,37896,43858,957351,180143,16.835958,107321,381614
"trace_seq_size8_time90000000_p[0.8, 0.2].out",25771,0,205,22679,13612,208425,719512,11.168679,77026,130694
"trace_seq_size16_time9000_p[0.2, 0.8].out",19270,6,218,63396,312110,178969,180318,16.769712,7164296081,2142311729
"trace_seq_size128_time9000_p[0.8, 0.2].out",331096,23,1018,167051,253931,126735,719969,128.011856,117456983100,63202261358
"trace_seq_size16_time9000_p[0.5, 0.5].out",24190,7,443,82709,304078,130815,450719,16.798998,13146064434,2503883139
"trace_seq_size64_time90000000_p[0.5, 0.5].out",619073,0,0,0,176656,831034,450367,64.023773,184047,666250
"trace_seq_size128_time900000_p[0.2, 0.8].out",2061519,0,0,384429,759764,171449,179873,128.00148,400957,1105163
"trace_seq_size8_time9000_p[0.5, 0.5].out",13145,5,242,53816,243255,99814,449295,11.180674,6429458212,1140826867
"trace_seq_size64_time90000000_p[0.8, 0.2].out",234228,0,0,0,75644,408343,720069,64.013161,182383,559153
"trace_seq_size32_time90000_p[0.5, 0.5].out",81409,6,984,147794,344123,219624,449569,32.0355,1905122,1043061
"trace_seq_size64_time90000000_p[0.2, 0.8].out",1043543,0,0,0,119694,1172235,180286,63.966087,185643,765081
"trace_seq_size32_time9000000_p[0.8, 0.2].out",112979,0,384,26761,41074,314853,719753,32.022396,143518,333538
"trace_seq_size32_time90000000_p[0.2, 0.8].out",301167,3,370,35408,62526,1097116,180292,32.07019,148375,538625
"trace_seq_size8_time900000_p[0.2, 0.8].out",26046,6,292,29871,44855,854735,180169,11.166403,100559,302158
"trace_seq_size16_time90000000_p[0.8, 0.2].out",42880,0,312,29759,19734,250062,720215,16.771118,98405,191395
"trace_seq_size16_time900000_p[0.2, 0.8].out",70947,1,413,37824,42879,955686,179279,16.807735,126415,381439
"trace_seq_size8_time90000_p[0.8, 0.2].out",24585,0,221,23190,27607,172577,720238,11.171214,261720,134422
"trace_seq_size8_time90000000_p[0.2, 0.8].out",25911,2,278,29791,44895,858058,180024,11.171506,88037,302502
"trace_seq_size128_time90000_p[0.8, 0.2].out",332222,0,956,167255,254877,126195,719737,128.018448,81417119956,43680656064
"trace_seq_size32_time900000_p[0.2, 0.8].out",300224,0,372,35744,62604,1091851,180205,32.019505,183590,540133
"trace_seq_size16_time9000000_p[0.5, 0.5].out",58385,0,690,59998,58421,601511,450299,16.784006,102906,281992
"trace_seq_size32_time900000_p[0.8, 0.2].out",108074,0,367,24488,44570,317870,720319,32.033054,205282,333233
"trace_seq_size64_time9000000_p[0.8, 0.2].out",234533,0,0,0,75246,410457,719682,63.984432,182422,560547
"trace_seq_size32_time9000000_p[0.5, 0.5].out",206565,1,1055,52719,97636,721334,450157,31.999844,146032,438532
"trace_seq_size128_time9000_p[0.2, 0.8].out",389998,476,7762,1098089,524230,101262,180908,127.977516,92367751684,54832585885
"trace_seq_size64_time90000_p[0.5, 0.5].out",187933,9,2163,274748,438692,238360,450567,64.0093,24703966175,8998197006
"trace_seq_size64_time9000_p[0.2, 0.8].out",218451,25,2528,459367,454791,180114,180116,63.96489,47186934530,18911340973
"trace_seq_size16_time9000000_p[0.2, 0.8].out",70670,2,382,38030,43508,957910,180166,16.743074,107240,379644
"trace_seq_size128_time9000000_p[0.5, 0.5].out",1336775,0,0,181545,600706,230836,449679,127.998535,278824,1015817
"trace_seq_size8_time90000000_p[0.5, 0.5].out",25691,0,335,46226,53619,521812,449248,11.161341,82552,205511
"trace_seq_size16_time900000_p[0.8, 0.2].out",42660,0,302,29913,20066,249949,719783,16.774065,124884,191492
"trace_seq_size32_time90000000_p[0.5, 0.5].out",206397,1,1010,51605,100610,722973,449838,32.041325,146138,438755
"trace_seq_size64_time9000_p[0.8, 0.2].out",123354,5,379,81650,180310,220716,719266,63.977119,60929864274,19916039058
"trace_seq_size64_time90000_p[0.2, 0.8].out",235015,14,2424,449540,448056,191987,180337,64.031754,11243770235,4497616562
"trace_seq_size64_time9000000_p[0.5, 0.5].out",619285,0,0,0,177050,832587,449697,64.007889,184008,666895
"trace_seq_size16_time90000_p[0.5, 0.5].out",42989,0,602,69259,155661,339679,450037,16.797943,357942,306040
"trace_seq_size16_time90000_p[0.2, 0.8].out",53661,2,361,46255,118355,553648,180357,16.781202,205502,412805
"trace_seq_size128_time90000_p[0.2, 0.8].out",388077,464,7954,1101049,524752,99903,179721,128.021423,55705138691,33230987964
"trace_seq_size128_time9000000_p[0.2, 0.8].out",2122307,0,0,361183,771440,164794,179340,128.004898,282939,1101687
"trace_seq_size8_time9000000_p[0.2, 0.8].out",26253,3,296,29548,44687,856997,179939,11.169279,88033,301636
"trace_seq_size32_time900000_p[0.5, 0.5].out",206148,0,1035,53202,97450,716146,450345,32.056667,209048,439931
"trace_seq_size64_time90000_p[0.8, 0.2].out",123745,0,356,80106,179406,222391,720168,64.059052,24942741949,8147934587
"trace_seq_size64_time9000_p[0.5, 0.5].out",183238,15,2124,278525,443262,234187,449503,64.058342,60922144837,22122473590
"trace_seq_size16_time90000000_p[0.5, 0.5].out",58380,0,632,60083,57865,602025,449732,16.800346,102833,281656
"trace_seq_size128_time9000000_p[0.8, 0.2].out",540039,0,0,55494,283472,147776,719530,128.043121,274770,918328
"trace_seq_size64_time900000_p[0.2, 0.8].out",1036953,0,0,3611,127900,1150128,180132,63.985661,250089,765892
"trace_seq_size16_time900000_p[0.5, 0.5].out",57414,0,645,60165,58402,597095,450375,16.771227,134211,281652
"trace_seq_size8_time9000_p[0.8, 0.2].out",18323,0,173,30681,103879,68981,719325,11.1609,6920516984,665715006
