filename,Normal_page_read_count,Multi-plane_one_shot_read_count,One_shot_read_count,Multi-plane_read_count,Multi-plane_SOML_read_count,SOML_read_count,Write_request_count,Write_request_average_size,Read_request_average_response_time,Write_request_average_response_time
"trace_random_size128_time9000000_p[0.8, 0.2].out",110144,0,0,341679,142085,460526,719737,128.008774,504199,1156306
"trace_random_size64_time9000_p[0.8, 0.2].out",75143,16,37,173709,329783,311142,720106,63.9977,84181221175,37716329184
"trace_random_size8_time9000_p[0.2, 0.8].out",9658,1,27,19173,754766,304520,179519,11.167815,16784416649,3304186695
"trace_random_size16_time900000_p[0.2, 0.8].out",52731,0,0,36939,556549,564728,180108,16.774429,145985,422511
"trace_random_size32_time9000000_p[0.2, 0.8].out",109632,0,0,240767,605643,393763,180970,32.027451,188153,543301
"trace_random_size8_time900000_p[0.5, 0.5].out",21127,0,0,18038,438835,543965,450001,11.166112,144714,386267
"trace_random_size32_time9000_p[0.5, 0.5].out",67487,20,93,163155,665906,241697,449913,32.031185,44528240952,13626678815
"trace_random_size128_time9000000_p[0.2, 0.8].out",301920,0,0,1403106,97853,534764,179717,128.004257,500040,1174679
"trace_random_size8_time90000_p[0.5, 0.5].out",15304,0,5,23363,624284,352886,450113,11.167789,628807,517394
"trace_random_size64_time9000000_p[0.2, 0.8].out",191927,0,0,681285,188112,561141,180070,64.042892,306959,775173
"trace_random_size64_time9000000_p[0.5, 0.5].out",158617,0,0,411498,242037,500217,450214,63.985874,309674,772223
"trace_random_size8_time9000000_p[0.8, 0.2].out",24517,0,0,27157,456217,372649,719835,11.167713,107713,377308
"trace_random_size128_time90000_p[0.2, 0.8].out",180934,6409,2962,1397618,511787,202462,180091,128.023956,67446580242,46851035828
"trace_random_size64_time90000_p[0.8, 0.2].out",75689,3,38,173261,327910,312659,720381,64.03624,47956782392,21569201074
"trace_random_size16_time9000000_p[0.8, 0.2].out",41170,0,0,35727,419391,354260,719346,16.759941,132353,417774
"trace_random_size16_time90000000_p[0.8, 0.2].out",41152,0,0,35757,420624,353575,720102,16.768063,132831,418016
"trace_random_size64_time90000000_p[0.2, 0.8].out",191298,0,0,682612,187879,561712,179127,64.029213,307013,775937
"trace_random_size32_time90000_p[0.8, 0.2].out",52668,0,11,80622,461319,252700,719398,31.988146,17977861910,5504216791
"trace_random_size128_time900000_p[0.8, 0.2].out",109003,0,1,342309,143625,459402,719998,128.049194,713834,1211506
"trace_random_size8_time900000_p[0.8, 0.2].out",24650,0,0,27255,455876,372691,719842,11.172153,161648,377558
"trace_random_size8_time9000000_p[0.5, 0.5].out",21016,0,0,17776,439141,543758,449311,11.164676,107620,385442
"trace_random_size128_time900000_p[0.2, 0.8].out",301630,3,0,1403614,101621,530721,179527,127.967606,555455,1188191
"trace_random_size32_time90000000_p[0.5, 0.5].out",97573,0,0,147939,514492,393320,450495,32.001141,190949,544267
"trace_random_size8_time90000000_p[0.8, 0.2].out",24489,0,0,27149,455492,373359,720237,11.162965,107788,377067
"trace_random_size64_time90000_p[0.2, 0.8].out",110814,836,1281,678438,606145,220593,180391,64.064919,20414057319,9195529859
"trace_random_size128_time90000000_p[0.5, 0.5].out",226539,0,0,861464,141064,518891,449211,128.014008,502202,1170026
"trace_random_size8_time90000_p[0.2, 0.8].out",16258,0,2,12806,520771,545653,179438,11.197726,321880,418491
"trace_random_size128_time90000_p[0.8, 0.2].out",102024,42,93,348037,237151,359625,720085,128.002029,108626199099,75631335456
"trace_random_size64_time900000_p[0.2, 0.8].out",191089,0,0,681081,190164,559481,180367,63.998028,335986,775707
"trace_random_size16_time9000000_p[0.5, 0.5].out",47915,0,0,35810,495561,492341,449979,16.772581,131784,430215
"trace_random_size64_time9000_p[0.2, 0.8].out",109745,839,1274,678183,609916,219105,180257,63.97662,56753112268,25506629612
"trace_random_size64_time90000000_p[0.5, 0.5].out",158730,0,0,411141,241252,500071,450614,63.96666,309536,772300
"trace_random_size16_time90000000_p[0.2, 0.8].out",52595,0,0,36827,554951,565834,179411,16.766605,130347,422440
"trace_random_size64_time900000_p[0.5, 0.5].out",158448,0,0,412256,242149,499462,450034,63.980072,379324,773772
"trace_random_size64_time9000_p[0.5, 0.5].out",117480,127,373,420491,474298,288125,450330,64.013229,71874066075,32263118407
"trace_random_size16_time9000000_p[0.2, 0.8].out",52207,0,0,36341,557411,565743,179335,16.777813,130401,423830
"trace_random_size16_time90000_p[0.8, 0.2].out",31161,0,1,44215,513811,253906,719890,16.768158,4564404656,1052270536
"trace_random_size16_time9000_p[0.2, 0.8].out",26387,18,101,59928,835032,264264,180205,16.759655,21438750081,4916252491
"trace_random_size64_time900000_p[0.8, 0.2].out",87566,0,0,167218,230290,411951,719920,64.013199,414595,760119
"trace_random_size16_time90000_p[0.2, 0.8].out",42064,1,24,46415,675469,436525,179942,16.785261,420166,502136
"trace_random_size128_time900000_p[0.5, 0.5].out",224404,1,6,860739,144746,516266,449898,128.013382,638618,1205231
"trace_random_size8_time9000_p[0.5, 0.5].out",12502,0,16,25727,698417,277700,450114,11.177035,26701507984,5291299071
"trace_random_size128_time9000_p[0.8, 0.2].out",102048,83,101,347337,236884,358988,720309,128.022095,145320315010,100838561083
"trace_random_size8_time90000000_p[0.5, 0.5].out",20952,0,0,18024,437017,545275,449988,11.174069,107620,385619
"trace_random_size128_time9000_p[0.2, 0.8].out",180851,6336,2851,1395985,512488,203550,180770,128.020721,103953943575,71987137333
"trace_random_size32_time90000_p[0.2, 0.8].out",70016,70,229,251581,798086,219891,180399,32.019466,937329,1126329
"trace_random_size128_time9000_p[0.5, 0.5].out",182261,990,811,872295,364907,307434,449809,128.036285,126371221671,87582887977
"trace_random_size32_time900000_p[0.8, 0.2].out",64923,0,0,72457,387281,328955,720394,32.033779,259653,531574
"trace_random_size16_time9000_p[0.5, 0.5].out",28676,1,44,52820,704150,268739,450960,16.778383,31730880557,7303897777
"trace_random_size16_time90000000_p[0.5, 0.5].out",47066,0,0,35899,496853,492084,450231,16.765198,131747,429501
"trace_random_size8_time9000000_p[0.2, 0.8].out",19484,0,0,9744,400122,669364,179933,11.163061,106844,372211
"trace_random_size64_time90000_p[0.5, 0.5].out",116792,56,366,421798,475782,287248,449703,64.020126,35464495104,15919270499
"trace_random_size32_time90000000_p[0.8, 0.2].out",64734,0,0,72384,387397,329851,720123,32.008244,192506,531444
"trace_random_size32_time90000_p[0.5, 0.5].out",67309,1,86,164083,664052,241860,450083,32.061535,8999260624,2748217660
"trace_random_size16_time90000_p[0.5, 0.5].out",30852,0,20,51534,684503,289296,449961,16.751667,897604,834044
"trace_random_size8_time9000_p[0.8, 0.2].out",19177,0,1,32183,568364,256189,719683,11.156047,34515806133,6849182265
"trace_random_size32_time9000000_p[0.5, 0.5].out",97584,0,0,147785,517010,392800,450066,31.999882,190919,544461
"trace_random_size128_time9000000_p[0.5, 0.5].out",226300,0,0,860974,140291,520037,449483,127.974159,502099,1170725
"trace_random_size64_time90000000_p[0.8, 0.2].out",88225,0,0,167169,230949,411557,719762,63.998981,311601,758817
"trace_random_size16_time900000_p[0.8, 0.2].out",40916,0,0,35596,420673,354566,719129,16.768288,186579,417881
"trace_random_size128_time90000_p[0.5, 0.5].out",182460,886,812,873436,363914,306661,449576,128.039444,89897036645,62276776862
"trace_random_size32_time9000_p[0.2, 0.8].out",62376,135,296,255779,823433,192907,180352,32.018154,33101954948,10091811938
"trace_random_size32_time90000000_p[0.2, 0.8].out",110065,0,0,240454,608748,391682,179552,32.011681,188049,543550
"trace_random_size16_time9000_p[0.8, 0.2].out",31204,1,5,44312,514681,253115,720330,16.781282,39673486522,9137504972
"trace_random_size128_time90000000_p[0.2, 0.8].out",303708,0,0,1401824,97395,533306,180098,127.959946,500009,1173653
"trace_random_size64_time9000000_p[0.8, 0.2].out",88043,0,0,167116,229664,411045,719713,63.988636,311490,758157
"trace_random_size128_time90000000_p[0.8, 0.2].out",109542,0,0,342877,142527,461257,719266,128.005951,503701,1156690
"trace_random_size16_time900000_p[0.5, 0.5].out",47890,0,0,36354,498353,490655,449509,16.787197,168952,430454
"trace_random_size8_time900000_p[0.2, 0.8].out",19474,0,0,9750,400994,667998,181057,11.15909,121732,372040
"trace_random_size32_time900000_p[0.2, 0.8].out",110065,0,0,240116,609822,391779,179649,32.031483,206890,544610
"trace_random_size32_time9000000_p[0.8, 0.2].out",64320,0,0,72535,387749,328981,720394,32.055885,192578,531169
"trace_random_size8_time90000000_p[0.2, 0.8].out",19560,0,0,9730,400914,668346,180078,11.171837,106865,372581
"trace_random_size8_time90000_p[0.8, 0.2].out",19601,0,0,31991,565961,258320,719791,11.153598,1181006948,234402737
"trace_random_size32_time9000_p[0.8, 0.2].out",52196,7,7,80967,461264,252269,719802,32.016193,53467709149,16407444894
"trace_random_size32_time900000_p[0.5, 0.5].out",97683,0,0,148156,515396,392407,450266,32.057087,236870,545445
