filename,Normal_page_read_count,Multi-plane_one_shot_read_count,One_shot_read_count,Multi-plane_read_count,Multi-plane_SOML_read_count,SOML_read_count,Write_request_count,Write_request_average_size,Read_request_average_response_time,Write_request_average_response_time
"trace_random_size128_time9000000_p[0.8, 0.2].out",348036,0,19277,135996,171473,546781,719737,128.008774,564589,1156372
"trace_random_size64_time9000_p[0.8, 0.2].out",169999,42,3578,84966,341370,371405,720106,63.997295,85206709976,38175886620
"trace_random_size8_time9000_p[0.2, 0.8].out",12834,2,157,15710,679451,383187,179519,11.167721,16931690556,3333006539
"trace_random_size16_time900000_p[0.2, 0.8].out",79880,0,1,9822,252229,896130,180108,16.774429,156199,425132
"trace_random_size32_time9000000_p[0.2, 0.8].out",322537,0,18,29763,279234,929221,180970,32.027451,216175,545291
"trace_random_size8_time900000_p[0.5, 0.5].out",26064,0,0,12884,370719,617452,450001,11.166189,147939,387465
"trace_random_size32_time9000_p[0.5, 0.5].out",121520,33,2897,99278,572569,400264,449913,32.031239,45323131236,13869948202
"trace_random_size128_time9000000_p[0.2, 0.8].out",1420997,5,89020,465606,278639,842811,179717,128.004257,569153,1174312
"trace_random_size8_time90000_p[0.5, 0.5].out",19217,1,27,19101,580840,400873,450113,11.167822,633605,521352
"trace_random_size64_time9000000_p[0.2, 0.8].out",873838,0,7952,103061,363973,835961,180070,64.042892,356566,774801
"trace_random_size64_time9000000_p[0.5, 0.5].out",536476,0,4644,84004,337546,667905,450214,63.985874,353973,772155
"trace_random_size8_time9000000_p[0.8, 0.2].out",29859,0,0,21163,430057,405455,719835,11.167713,110062,378087
"trace_random_size128_time90000_p[0.2, 0.8].out",546581,11237,155179,877015,482766,421423,180091,128.021896,71553327351,49703514534
"trace_random_size64_time90000_p[0.8, 0.2].out",170874,8,3391,84521,339171,373603,720381,64.035141,48932127915,22007744493
"trace_random_size16_time9000000_p[0.8, 0.2].out",51783,0,0,24203,368094,417992,719346,16.759941,138603,418823
"trace_random_size16_time90000000_p[0.8, 0.2].out",51908,0,0,24142,368441,418232,720102,16.768063,139184,419077
"trace_random_size64_time90000000_p[0.2, 0.8].out",874056,0,8066,103107,363943,837702,179127,64.029213,356665,775607
"trace_random_size32_time90000_p[0.8, 0.2].out",82228,1,353,48468,411321,336411,719398,31.988337,18492676065,5661741653
"trace_random_size128_time900000_p[0.8, 0.2].out",342575,11,20656,136791,171900,546560,719998,128.051682,772412,1211953
"trace_random_size8_time900000_p[0.8, 0.2].out",29931,0,0,21309,428788,406390,719842,11.172153,164508,378376
"trace_random_size8_time9000000_p[0.5, 0.5].out",25889,0,0,12660,368747,619511,449311,11.164676,110452,386614
"trace_random_size128_time900000_p[0.2, 0.8].out",1421093,57,84630,474729,278687,837748,179527,127.967606,624281,1188162
"trace_random_size32_time90000000_p[0.5, 0.5].out",213711,0,10,32428,337621,685045,450495,32.001141,214411,545810
"trace_random_size8_time90000000_p[0.8, 0.2].out",29554,0,0,21380,429824,405500,720237,11.162965,110197,377788
"trace_random_size64_time90000_p[0.2, 0.8].out",344849,1397,41500,406962,604197,407433,180391,64.064857,22366729002,10074503438
"trace_random_size128_time90000000_p[0.5, 0.5].out",858720,1,55782,313891,230817,724751,449211,128.014008,566425,1169981
"trace_random_size8_time90000_p[0.2, 0.8].out",20735,0,14,8283,386352,684604,179438,11.19777,327539,421395
"trace_random_size128_time90000_p[0.8, 0.2].out",270600,334,26173,178577,245062,442070,720085,128.002029,110643544265,77035624923
"trace_random_size64_time900000_p[0.2, 0.8].out",869685,1,8060,104710,366256,833349,180367,63.998028,385082,775295
"trace_random_size16_time9000000_p[0.5, 0.5].out",64677,0,0,18692,354996,650380,449979,16.772581,139161,431914
"trace_random_size64_time9000_p[0.2, 0.8].out",342534,1349,41745,407479,607283,405890,180257,63.976887,58694479148,26378777571
"trace_random_size64_time90000000_p[0.5, 0.5].out",536656,0,4293,83664,335870,669602,450614,63.96666,353856,772208
"trace_random_size16_time90000000_p[0.2, 0.8].out",79719,0,0,9697,250926,896995,179411,16.766605,140190,424991
"trace_random_size64_time900000_p[0.5, 0.5].out",535029,0,4644,85595,337942,666478,450034,63.980068,422739,773642
"trace_random_size64_time9000_p[0.5, 0.5].out",305895,251,16341,229744,482735,424115,450330,64.013229,73596848396,33036372823
"trace_random_size16_time9000000_p[0.2, 0.8].out",78970,0,0,9599,251237,898638,179335,16.777813,140265,426437
"trace_random_size16_time90000_p[0.8, 0.2].out",39082,0,51,34900,479994,298277,719890,16.768732,4789422204,1104079741
"trace_random_size16_time9000_p[0.2, 0.8].out",39587,16,1021,44308,706121,408462,180205,16.759462,21795879973,4997893808
"trace_random_size64_time900000_p[0.8, 0.2].out",226706,0,1942,43381,267513,477436,719920,64.013199,453985,760187
"trace_random_size16_time90000_p[0.2, 0.8].out",63237,3,249,24260,460831,673613,179942,16.785379,434378,510089
"trace_random_size128_time900000_p[0.5, 0.5].out",847737,57,53510,322873,232819,719744,449898,128.013382,701707,1205589
"trace_random_size8_time9000_p[0.5, 0.5].out",15674,0,76,22103,665934,314072,450114,11.177099,26857156503,5322179729
"trace_random_size128_time9000_p[0.8, 0.2].out",275273,349,23819,179394,244472,441309,720309,128.017975,147356442021,102251542060
"trace_random_size8_time90000000_p[0.5, 0.5].out",26061,0,0,12728,369568,618207,449988,11.174069,110426,386682
"trace_random_size128_time9000_p[0.2, 0.8].out",543709,11326,155220,876704,484194,420502,180770,128.02092,107999217156,74788959241
"trace_random_size32_time90000_p[0.2, 0.8].out",158505,110,6498,142717,651786,476381,180399,32.01944,1163118,1330368
"trace_random_size128_time9000_p[0.5, 0.5].out",510810,3026,78105,499035,366081,480135,449809,128.034943,129883099820,90017082202
"trace_random_size32_time900000_p[0.8, 0.2].out",111194,0,6,26005,314209,448642,720394,32.033688,281029,532718
"trace_random_size16_time9000_p[0.5, 0.5].out",38880,3,391,41073,637533,347592,450960,16.777813,32067618924,7381448059
"trace_random_size16_time90000000_p[0.5, 0.5].out",64124,0,0,18471,356182,650553,450231,16.765198,139193,431156
"trace_random_size8_time9000000_p[0.2, 0.8].out",24532,0,0,4696,229013,845521,179933,11.163061,111117,374013
"trace_random_size64_time90000_p[0.5, 0.5].out",305692,155,15784,231643,483419,424173,449703,64.020638,37205510983,16700810956
"trace_random_size32_time90000000_p[0.8, 0.2].out",111209,0,2,25727,315427,448654,720123,32.008244,213438,532534
"trace_random_size32_time90000_p[0.5, 0.5].out",123145,13,2647,98950,569331,403255,450083,32.062046,9781657759,2987177993
"trace_random_size16_time90000_p[0.5, 0.5].out",41898,2,287,39171,610323,376344,449961,16.75157,940717,867164
"trace_random_size8_time9000_p[0.8, 0.2].out",22727,0,7,27775,551850,277948,719683,11.156126,34627890085,6871406922
"trace_random_size32_time9000000_p[0.5, 0.5].out",213761,0,4,32243,337382,687323,450066,31.999882,214543,546020
"trace_random_size128_time9000000_p[0.5, 0.5].out",874748,3,47960,317168,231514,724080,449483,127.974159,566481,1170602
"trace_random_size64_time90000000_p[0.8, 0.2].out",228291,0,1906,42841,267036,478342,719762,63.998981,352158,758949
"trace_random_size16_time900000_p[0.8, 0.2].out",51506,0,0,24164,368519,418994,719129,16.768852,193360,418934
"trace_random_size128_time90000_p[0.5, 0.5].out",521597,2803,71620,505329,364393,479335,449576,128.035385,93378300330,64689049235
"trace_random_size32_time9000_p[0.2, 0.8].out",141042,164,7789,155339,680982,434914,180352,32.018085,34014854666,10370004094
"trace_random_size32_time90000000_p[0.2, 0.8].out",322426,0,14,29944,278402,930645,179552,32.011681,216103,545672
"trace_random_size16_time9000_p[0.8, 0.2].out",38802,1,63,35346,482087,295871,720330,16.781717,39896731361,9188915011
"trace_random_size128_time90000000_p[0.2, 0.8].out",1419704,5,89340,465098,278802,841305,180098,127.959946,568979,1173272
"trace_random_size64_time9000000_p[0.8, 0.2].out",227689,0,1938,42705,266509,477562,719713,63.988636,351948,758281
"trace_random_size128_time90000000_p[0.8, 0.2].out",349661,0,19033,136048,171193,549031,719266,128.005951,563937,1156809
"trace_random_size16_time900000_p[0.5, 0.5].out",65166,0,0,18669,357458,649644,449509,16.787197,176914,432208
"trace_random_size8_time900000_p[0.2, 0.8].out",24473,0,0,4736,232526,841495,181057,11.15911,126180,373854
"trace_random_size32_time900000_p[0.2, 0.8].out",321663,0,33,30379,281155,928223,179649,32.031483,235138,546633
"trace_random_size32_time9000000_p[0.8, 0.2].out",110816,0,2,25943,315064,448348,720394,32.055885,213413,532323
"trace_random_size8_time90000000_p[0.2, 0.8].out",24472,0,0,4770,229974,844294,180078,11.171837,111119,374259
"trace_random_size8_time90000_p[0.8, 0.2].out",23227,0,6,27451,549699,280012,719791,11.153673,1208009018,239753352
"trace_random_size32_time9000_p[0.8, 0.2].out",81398,4,471,48933,412276,334749,719802,32.016003,53972921649,16562350992
"trace_random_size32_time900000_p[0.5, 0.5].out",213606,0,30,32835,338054,684378,450266,32.057007,260803,546993
