filename,Normal_page_read_count,Multi-plane_one_shot_read_count,One_shot_read_count,Multi-plane_read_count,Multi-plane_SOML_read_count,SOML_read_count,Write_request_count,Write_request_average_size,Read_request_average_response_time,Write_request_average_response_time
"trace_seq_size8_time9000000_p[0.8, 0.2].out",56427,0,0,803,748,233248,720243,11.18881,76985,124730
"trace_seq_size128_time9000_p[0.5, 0.5].out",471031,4370,69136,471559,301335,377380,450186,128.019562,113422339167,84924130365
"trace_seq_size32_time9000_p[0.5, 0.5].out",96452,64,8401,117001,357555,227541,450036,32.028976,31626864260,7954569950
"trace_seq_size64_time900000_p[0.5, 0.5].out",615895,0,0,384,35126,966248,450143,63.991718,304107,728687
"trace_seq_size16_time9000_p[0.8, 0.2].out",44096,0,1593,30002,95363,132730,719914,16.767492,13505360809,1676045366
"trace_seq_size32_time9000000_p[0.2, 0.8].out",337766,0,237,15569,27728,1138295,179726,31.975073,148520,517156
"trace_seq_size8_time90000_p[0.5, 0.5].out",71532,0,163,11585,43332,430966,449570,11.195261,222113,234264
"trace_seq_size8_time9000_p[0.2, 0.8].out",18779,11,909,30227,227163,146820,179878,11.185888,3363081346,1199846151
"trace_seq_size128_time900000_p[0.8, 0.2].out",584202,0,23,10125,100172,374055,719521,128.012115,678355,1180343
"trace_seq_size128_time90000000_p[0.8, 0.2].out",583313,0,0,9122,99718,374873,720456,127.995102,279315,1149590
"trace_seq_size8_time90000_p[0.2, 0.8].out",48167,0,429,10824,36947,630460,180431,11.166738,133948,293570
"trace_seq_size16_time9000000_p[0.8, 0.2].out",85511,0,0,1073,1090,286019,719676,16.785879,98544,184728
"trace_seq_size128_time90000000_p[0.5, 0.5].out",1487301,0,0,30320,218690,763688,449896,127.987587,285283,1274758
"trace_seq_size128_time90000000_p[0.2, 0.8].out",2423087,0,0,60478,260320,973597,179818,128.003525,291214,1383826
"trace_seq_size32_time90000_p[0.2, 0.8].out",206358,66,4628,72330,198893,517729,180356,31.986227,523961,830191
"trace_seq_size64_time9000000_p[0.2, 0.8].out",1044218,0,0,0,38322,1253644,179984,64.037712,185604,824149
"trace_seq_size32_time9000_p[0.8, 0.2].out",87255,0,1957,45610,112352,195918,719940,32.006836,30919369910,6127473292
"trace_seq_size32_time90000000_p[0.8, 0.2].out",157272,0,1,1562,2564,360021,719749,32.005428,143508,333344
"trace_seq_size128_time90000_p[0.5, 0.5].out",469456,4397,69521,471735,301478,378565,449907,127.986687,76845685312,57621450900
"trace_seq_size32_time90000_p[0.8, 0.2].out",98495,1,1641,38057,95756,214930,720195,32.039024,1035569,484270
"trace_seq_size16_time90000_p[0.8, 0.2].out",76900,0,71,7834,26201,228123,720167,16.797375,481921,233508
"trace_seq_size32_time9000_p[0.2, 0.8].out",106302,682,8622,132405,367007,267857,180480,31.98332,22582149931,6999690484
"trace_seq_size8_time9000000_p[0.5, 0.5].out",78945,0,46,6311,9636,592615,449749,11.149608,82495,187525
"trace_seq_size64_time900000_p[0.8, 0.2].out",233452,0,0,45,7522,476547,720046,63.989929,331675,613747
"trace_seq_size128_time900000_p[0.5, 0.5].out",1472004,0,255,37420,217532,749945,449564,128.003372,588802,1331707
"trace_seq_size8_time900000_p[0.5, 0.5].out",78767,0,39,6228,9596,589319,450823,11.156074,95251,187157
"trace_seq_size8_time900000_p[0.8, 0.2].out",56218,0,0,813,714,232272,721109,11.1623,88999,124360
"trace_seq_size16_time90000000_p[0.2, 0.8].out",104730,0,473,12991,17882,999729,180143,16.835958,107321,350388
"trace_seq_size8_time90000000_p[0.8, 0.2].out",56646,0,0,841,730,234721,719512,11.168679,77026,124753
"trace_seq_size16_time9000_p[0.2, 0.8].out",33646,50,1797,51117,307411,181982,180318,16.769499,7634252675,2446029620
"trace_seq_size128_time9000_p[0.8, 0.2].out",385148,133,13022,109208,123471,280209,719969,128.012634,116734658352,81940084651
"trace_seq_size16_time9000_p[0.5, 0.5].out",45285,55,3825,64596,282944,153821,450719,16.798822,13131003338,2609563321
"trace_seq_size64_time90000000_p[0.5, 0.5].out",619073,0,0,0,33358,974328,450367,64.023773,184047,726414
"trace_seq_size128_time900000_p[0.2, 0.8].out",2399700,0,379,69085,260943,956712,179873,128.00148,426667,1425013
"trace_seq_size8_time9000_p[0.5, 0.5].out",29124,16,2402,40876,221770,121967,449295,11.180708,6565395920,1201780238
"trace_seq_size64_time90000000_p[0.8, 0.2].out",234228,0,0,0,7432,476553,720069,64.013161,182383,613032
"trace_seq_size32_time90000_p[0.5, 0.5].out",110803,45,8241,112502,315541,266425,449569,32.034912,1748659,1037064
"trace_seq_size64_time90000000_p[0.2, 0.8].out",1043543,0,0,0,38068,1253851,180286,63.966087,185643,824016
"trace_seq_size32_time9000000_p[0.8, 0.2].out",163323,0,2,1678,2412,354480,719753,32.022396,143518,333292
"trace_seq_size32_time90000000_p[0.2, 0.8].out",338025,0,275,15746,26934,1135457,180292,32.07019,148375,517136
"trace_seq_size8_time900000_p[0.2, 0.8].out",53055,0,450,8368,17182,897946,180169,11.166296,95868,273463
"trace_seq_size16_time90000000_p[0.8, 0.2].out",85669,0,2,1066,1102,284217,720215,16.771118,98405,184476
"trace_seq_size16_time900000_p[0.2, 0.8].out",103699,0,496,13163,17430,997260,179279,16.807606,119674,349870
"trace_seq_size8_time90000_p[0.8, 0.2].out",54186,0,3,2499,9141,202959,720238,11.171063,280383,141292
"trace_seq_size8_time90000000_p[0.2, 0.8].out",52788,0,398,8517,17284,900970,180024,11.171506,88037,273281
"trace_seq_size128_time90000_p[0.8, 0.2].out",386094,34,12744,109665,124320,280678,719737,128.018448,80837257889,56484165669
"trace_seq_size32_time900000_p[0.2, 0.8].out",337325,0,291,15830,27018,1130240,180205,32.019688,173253,517501
"trace_seq_size16_time9000000_p[0.5, 0.5].out",132086,0,159,9018,10686,679095,450299,16.784006,102906,262320
"trace_seq_size32_time900000_p[0.8, 0.2].out",154166,0,3,1533,2582,360934,720319,32.031784,198397,333223
"trace_seq_size64_time9000000_p[0.8, 0.2].out",234533,0,0,0,7378,478324,719682,63.984432,182422,613245
"trace_seq_size32_time9000000_p[0.5, 0.5].out",289725,0,309,11048,18830,802556,450157,31.999844,146032,429814
"trace_seq_size128_time9000_p[0.2, 0.8].out",462625,17279,124447,806852,359298,317673,180908,127.97715,94591225366,75361664761
"trace_seq_size64_time90000_p[0.5, 0.5].out",211828,425,27014,206415,380941,328143,450567,64.008812,24760283651,10330635321
"trace_seq_size64_time9000_p[0.2, 0.8].out",254148,4592,44135,339171,368983,311558,180116,63.964577,47857886138,22291194403
"trace_seq_size16_time9000000_p[0.2, 0.8].out",104064,0,488,12894,17342,1000626,180166,16.743074,107240,348949
"trace_seq_size128_time9000000_p[0.5, 0.5].out",1488819,0,0,30543,217060,764438,449679,127.998535,285307,1274951
"trace_seq_size8_time90000000_p[0.5, 0.5].out",78859,0,41,6267,9568,593488,449248,11.161341,82552,187756
"trace_seq_size16_time900000_p[0.8, 0.2].out",85693,0,0,1069,1204,284378,719783,16.7736,120249,184559
"trace_seq_size32_time90000000_p[0.5, 0.5].out",287942,0,261,10819,19344,806514,449838,32.041325,146138,430881
"trace_seq_size64_time9000_p[0.8, 0.2].out",160578,11,2786,48040,133623,289739,719266,63.977142,60632555717,22233545124
"trace_seq_size64_time90000_p[0.2, 0.8].out",271965,4451,43104,330524,364259,321182,180337,64.03186,11877968599,5551177846
"trace_seq_size64_time9000000_p[0.5, 0.5].out",619285,0,0,0,33248,976382,449697,64.007889,184008,726624
"trace_seq_size16_time90000_p[0.5, 0.5].out",107007,2,803,24281,85871,436273,450037,16.797483,378271,390147
"trace_seq_size16_time90000_p[0.2, 0.8].out",87339,0,740,20152,64803,624571,180357,16.781456,208562,457769
"trace_seq_size128_time90000_p[0.2, 0.8].out",460035,17657,124923,808386,360721,316527,179721,128.021301,57929051386,46444990464
"trace_seq_size128_time9000000_p[0.2, 0.8].out",2425036,0,0,61094,260268,973411,179340,128.004898,291227,1384327
"trace_seq_size8_time9000000_p[0.2, 0.8].out",52745,0,450,8412,17266,899726,179939,11.169279,88033,272531
"trace_seq_size32_time900000_p[0.5, 0.5].out",290036,0,305,11118,18834,797212,450345,32.057438,194870,430915
"trace_seq_size64_time90000_p[0.8, 0.2].out",160363,0,2608,47386,131683,291791,720168,64.058662,24588915653,9011404117
"trace_seq_size64_time9000_p[0.5, 0.5].out",207096,404,27400,209763,384228,324735,449503,64.057793,60965788740,25383551472
"trace_seq_size16_time90000000_p[0.5, 0.5].out",132048,0,161,9065,10792,678872,449732,16.800346,102833,262252
"trace_seq_size128_time9000000_p[0.8, 0.2].out",586511,0,0,9250,99952,377310,719530,128.043121,279483,1150321
"trace_seq_size64_time900000_p[0.2, 0.8].out",1039920,0,0,590,41024,1239755,180132,63.986031,243157,827223
"trace_seq_size16_time900000_p[0.5, 0.5].out",131058,0,157,9139,10556,674743,450375,16.771139,124356,261958
"trace_seq_size8_time9000_p[0.8, 0.2].out",28298,1,992,22347,82293,94883,719325,11.160722,6954444176,672220943
