filename,Normal_page_read_count,Multi-plane_one_shot_read_count,One_shot_read_count,Multi-plane_read_count,Multi-plane_SOML_read_count,SOML_read_count,Write_request_count,Write_request_average_size,Read_request_average_response_time,Write_request_average_response_time
"trace_random_size128_time9000000_p[0.8, 0.2].out",273539,0,33,209930,85585,617031,719737,128.008774,375155,1061875
"trace_random_size64_time9000_p[0.8, 0.2].out",134765,1,153,118878,319525,371181,720106,63.997295,78416710247,35860046362
"trace_random_size8_time9000_p[0.2, 0.8].out",11781,0,43,17000,735378,326063,179519,11.167797,17753630726,3613979011
"trace_random_size16_time900000_p[0.2, 0.8].out",82604,0,0,7522,203758,946476,180108,16.774471,139713,404407
"trace_random_size32_time9000000_p[0.2, 0.8].out",296426,0,0,55923,252834,929458,180970,32.027451,178281,531782
"trace_random_size8_time900000_p[0.5, 0.5].out",33845,0,0,5878,204711,789691,450001,11.166206,133838,364081
"trace_random_size32_time9000_p[0.5, 0.5].out",87252,1,500,131483,636136,313929,449913,32.031696,41857513973,13252021545
"trace_random_size128_time9000000_p[0.2, 0.8].out",807247,0,15,953915,88810,936817,179717,128.004257,375346,1080827
"trace_random_size8_time90000_p[0.5, 0.5].out",22642,0,0,16262,526848,457203,450113,11.168023,682281,570622
"trace_random_size64_time9000000_p[0.2, 0.8].out",624572,0,1,310767,94195,963450,180070,64.042892,265567,771435
"trace_random_size64_time9000000_p[0.5, 0.5].out",428881,0,0,179886,105025,830186,450214,63.985874,264210,771993
"trace_random_size8_time9000000_p[0.8, 0.2].out",43487,0,0,9222,229349,616417,719835,11.167713,103280,354391
"trace_random_size128_time90000_p[0.2, 0.8].out",239639,1784,68116,1189145,491520,413261,180091,128.022568,63472486039,39820972630
"trace_random_size64_time90000_p[0.8, 0.2].out",135919,0,8,118420,308521,381605,720381,64.036057,42254148762,19352246762
"trace_random_size16_time9000000_p[0.8, 0.2].out",67818,0,0,10457,188896,608640,719346,16.759941,125145,402785
"trace_random_size16_time90000000_p[0.8, 0.2].out",67872,0,0,10491,187845,610165,720102,16.768063,125566,403023
"trace_random_size64_time90000000_p[0.2, 0.8].out",626314,0,1,310379,94052,964987,179127,64.029213,265517,772141
"trace_random_size32_time90000_p[0.8, 0.2].out",73880,0,0,56480,413941,327179,719398,31.988321,14919101120,4724495354
"trace_random_size128_time900000_p[0.8, 0.2].out",274011,0,3,209406,87958,615859,719998,128.050018,693425,1125822
"trace_random_size8_time900000_p[0.8, 0.2].out",43595,0,0,9408,229564,615752,719842,11.172005,148318,361102
"trace_random_size8_time9000000_p[0.5, 0.5].out",33781,0,0,5592,203041,791454,449311,11.164676,103356,359053
"trace_random_size128_time900000_p[0.2, 0.8].out",807123,0,8,954335,91968,933432,179527,127.967583,454434,1102142
"trace_random_size32_time90000000_p[0.5, 0.5].out",211773,0,0,35418,212112,806542,450495,32.001141,177784,535707
"trace_random_size8_time90000000_p[0.8, 0.2].out",43415,0,0,9249,228289,617431,720237,11.162965,103362,354058
"trace_random_size64_time90000_p[0.2, 0.8].out",164057,40,16516,573568,595076,347225,180391,64.064697,17756146532,8132958169
"trace_random_size128_time90000000_p[0.5, 0.5].out",591164,0,27,555300,97220,810356,449211,128.014008,376001,1075593
"trace_random_size8_time90000_p[0.2, 0.8].out",22694,0,0,6499,322470,750136,179438,11.197665,343250,484105
"trace_random_size128_time90000_p[0.8, 0.2].out",204660,0,349,257887,233715,440214,720085,128.002029,96955061661,61057011693
"trace_random_size64_time900000_p[0.2, 0.8].out",624732,0,2,309653,95544,963304,180367,63.998028,304720,781768
"trace_random_size16_time9000000_p[0.5, 0.5].out",75270,0,0,9414,208053,805281,449979,16.772581,125213,410506
"trace_random_size64_time9000_p[0.2, 0.8].out",160603,198,18491,572384,600877,341081,180257,63.976532,54044296164,24786691596
"trace_random_size64_time90000000_p[0.5, 0.5].out",427762,0,0,179795,104548,830434,450614,63.96666,264288,770726
"trace_random_size16_time90000000_p[0.2, 0.8].out",82246,0,0,7559,201989,947680,179411,16.766605,125269,401421
"trace_random_size64_time900000_p[0.5, 0.5].out",427830,0,0,181159,106956,827466,450034,63.980049,364736,797706
"trace_random_size64_time9000_p[0.5, 0.5].out",189665,27,3048,334895,479506,374495,450330,64.010551,67394728823,30822240991
"trace_random_size16_time9000000_p[0.2, 0.8].out",81419,0,0,7533,202153,949406,179335,16.777813,125365,402051
"trace_random_size16_time90000_p[0.8, 0.2].out",39149,0,0,35535,478233,298850,719890,16.768148,2752829973,656819785
"trace_random_size16_time9000_p[0.2, 0.8].out",31902,0,352,52670,792358,315278,180205,16.759491,21998825312,5228075086
"trace_random_size64_time900000_p[0.8, 0.2].out",200616,0,0,69508,96369,628242,719920,64.014328,423057,796405
"trace_random_size16_time90000_p[0.2, 0.8].out",64027,0,39,24073,437014,697666,179942,16.785236,457518,583605
"trace_random_size128_time900000_p[0.5, 0.5].out",589351,0,31,555514,101710,804738,449898,128.010422,577629,1124687
"trace_random_size8_time9000_p[0.5, 0.5].out",14635,0,7,23561,713152,265177,450114,11.176924,25306401832,5173524504
"trace_random_size128_time9000_p[0.8, 0.2].out",204574,80,515,257083,233164,439467,720309,128.017975,133620306457,83917796793
"trace_random_size8_time90000000_p[0.5, 0.5].out",33718,0,0,5927,202210,791505,449988,11.174069,103423,359441
"trace_random_size128_time9000_p[0.2, 0.8].out",240329,1761,67876,1187825,492566,412687,180770,128.019028,99983892692,62826479378
"trace_random_size32_time90000_p[0.2, 0.8].out",131168,0,2064,176087,680074,422645,180399,32.019642,988444,921962
"trace_random_size128_time9000_p[0.5, 0.5].out",305600,364,13847,712641,384960,447997,449809,128.034729,118074580928,73976962998
"trace_random_size32_time900000_p[0.8, 0.2].out",120519,0,0,18261,158057,610975,720394,32.033577,261344,544463
"trace_random_size16_time9000_p[0.5, 0.5].out",31581,0,76,48351,698683,280144,450960,16.777807,29877388243,7112793844
"trace_random_size16_time90000000_p[0.5, 0.5].out",74565,0,0,9415,209039,805355,450231,16.765198,125180,410185
"trace_random_size8_time9000000_p[0.2, 0.8].out",26962,0,0,2455,146908,929677,179933,11.163061,103466,346160
"trace_random_size64_time90000_p[0.5, 0.5].out",192147,0,2524,334521,476739,379348,449703,64.019348,31185346419,14275467612
"trace_random_size32_time90000000_p[0.8, 0.2].out",120147,0,0,18301,157118,612888,720123,32.008244,177565,526513
"trace_random_size32_time90000_p[0.5, 0.5].out",90509,0,320,129630,630449,320465,450083,32.062164,6346224358,2003356968
"trace_random_size16_time90000_p[0.5, 0.5].out",41971,0,10,39980,604438,381381,449961,16.751564,868331,693821
"trace_random_size8_time9000_p[0.8, 0.2].out",24375,0,0,26698,544965,285350,719683,11.156144,32782815760,6719625006
"trace_random_size32_time9000000_p[0.5, 0.5].out",211281,0,0,35684,211835,808480,450066,31.999882,177664,536018
"trace_random_size128_time9000000_p[0.5, 0.5].out",591617,0,40,554816,97724,809483,449483,127.974159,375978,1076810
"trace_random_size64_time90000000_p[0.8, 0.2].out",200513,0,1,70160,94990,629246,719762,63.998981,264150,760301
"trace_random_size16_time900000_p[0.8, 0.2].out",67349,0,0,10541,190076,608831,719129,16.768375,178709,412875
"trace_random_size128_time90000_p[0.5, 0.5].out",304995,362,14218,712607,383404,449219,449576,128.03923,81561612935,51193909023
"trace_random_size32_time9000_p[0.2, 0.8].out",89332,5,3152,207271,775210,303398,180352,32.017502,32221316834,10149056572
"trace_random_size32_time90000000_p[0.2, 0.8].out",296708,0,0,55738,252865,930349,179552,32.011681,178137,532180
"trace_random_size16_time9000_p[0.8, 0.2].out",39274,0,2,35500,480502,296859,720330,16.781149,37665489606,8980783846
"trace_random_size128_time90000000_p[0.2, 0.8].out",809552,0,6,951790,89000,935906,180098,127.959946,375057,1081652
"trace_random_size64_time9000000_p[0.8, 0.2].out",200126,0,2,69832,94693,628493,719713,63.988636,263983,760120
"trace_random_size128_time90000000_p[0.8, 0.2].out",272913,0,26,210662,85851,618913,719266,128.005951,375579,1062365
"trace_random_size16_time900000_p[0.5, 0.5].out",75535,0,0,9661,210992,803759,449509,16.787104,160619,417694
"trace_random_size8_time900000_p[0.2, 0.8].out",26986,0,0,2436,148176,927922,181057,11.15911,115289,347777
"trace_random_size32_time900000_p[0.2, 0.8].out",295830,0,0,56276,253772,929737,179649,32.032173,199544,538044
"trace_random_size32_time9000000_p[0.8, 0.2].out",119677,0,0,18644,157571,611583,720394,32.055885,177840,526885
"trace_random_size8_time90000000_p[0.2, 0.8].out",27012,0,0,2462,145268,931070,180078,11.171837,103469,346569
"trace_random_size8_time90000_p[0.8, 0.2].out",26066,0,0,25442,531770,299139,719791,11.153522,356510666,73391818
"trace_random_size32_time9000_p[0.8, 0.2].out",72865,1,44,57105,413865,326649,719802,32.017433,50521009634,16030312298
"trace_random_size32_time900000_p[0.5, 0.5].out",211343,0,0,36149,211938,806216,450266,32.056923,232163,548947
