filename,Normal_page_read_count,Multi-plane_one_shot_read_count,One_shot_read_count,Multi-plane_read_count,Multi-plane_SOML_read_count,SOML_read_count,Write_request_count,Write_request_average_size,Read_request_average_response_time,Write_request_average_response_time
"trace_seq_size8_time9000000_p[0.8, 0.2].out",28405,0,622,17778,13790,212413,720243,11.18881,76985,131041
"trace_seq_size128_time9000_p[0.5, 0.5].out",462047,153,40312,510909,477720,252207,450186,128.019455,114367950153,64632723403
"trace_seq_size32_time9000_p[0.5, 0.5].out",74952,10,5200,130590,368773,223085,450036,32.029621,32069999152,7553154842
"trace_seq_size64_time900000_p[0.5, 0.5].out",615190,0,0,1131,182294,818488,450143,63.991653,310968,666899
"trace_seq_size16_time9000_p[0.8, 0.2].out",29758,1,908,36967,124918,105632,719914,16.767479,13547628984,1657642825
"trace_seq_size32_time9000000_p[0.2, 0.8].out",301478,1,847,33464,63332,1101372,179726,31.975073,148520,538780
"trace_seq_size8_time90000_p[0.5, 0.5].out",23928,0,3088,39922,101572,355879,449570,11.195191,212364,218645
"trace_seq_size8_time9000_p[0.2, 0.8].out",8229,3,1205,35134,226734,155109,179878,11.185819,3145959927,1053337221
"trace_seq_size128_time900000_p[0.8, 0.2].out",561978,0,0,30410,280904,176134,719521,128.013672,602770,917732
"trace_seq_size128_time90000000_p[0.8, 0.2].out",564759,0,0,27442,281338,175167,720456,127.995102,273327,919092
"trace_seq_size8_time90000_p[0.2, 0.8].out",21917,1,1373,28211,86790,569933,180431,11.166777,134153,320015
"trace_seq_size16_time9000000_p[0.8, 0.2].out",45793,0,840,24094,20191,258083,719676,16.785879,98544,192410
"trace_seq_size128_time90000000_p[0.5, 0.5].out",1425589,0,0,91010,602050,320661,449896,127.987587,277535,1017020
"trace_seq_size128_time90000000_p[0.2, 0.8].out",2299100,0,0,181985,771602,343292,179818,128.003525,281735,1101499
"trace_seq_size32_time90000_p[0.2, 0.8].out",170207,0,3335,97010,237841,469918,180356,31.986233,502034,662094
"trace_seq_size64_time9000000_p[0.2, 0.8].out",1044218,0,0,0,119316,1172658,179984,64.037712,185604,763696
"trace_seq_size32_time9000_p[0.8, 0.2].out",67170,0,1209,55813,147934,162291,719940,32.006836,31255258087,5945920036
"trace_seq_size32_time90000000_p[0.8, 0.2].out",109287,0,704,24747,43410,318685,719749,32.005428,143508,333338
"trace_seq_size128_time90000_p[0.5, 0.5].out",462779,181,40462,510627,478547,252055,449907,127.986778,77768618547,44022754965
"trace_seq_size32_time90000_p[0.8, 0.2].out",78043,0,929,47197,130672,184180,720195,32.039421,999799,424231
"trace_seq_size16_time90000_p[0.8, 0.2].out",42383,0,861,26520,51668,197549,720167,16.798157,443707,201786
"trace_seq_size32_time9000_p[0.2, 0.8].out",85097,10,6274,150689,371151,265692,180480,31.983273,21961225727,6238427145
"trace_seq_size8_time9000000_p[0.5, 0.5].out",28461,1,3059,36943,52371,530074,449749,11.149608,82495,206945
"trace_seq_size64_time900000_p[0.8, 0.2].out",233362,0,0,102,76364,407542,720046,63.98988,333656,560780
"trace_seq_size128_time900000_p[0.5, 0.5].out",1382862,0,0,111694,590926,322172,449564,128.003372,530602,1016584
"trace_seq_size8_time900000_p[0.5, 0.5].out",28504,0,3050,36738,51923,527230,450823,11.156095,101958,206557
"trace_seq_size8_time900000_p[0.8, 0.2].out",28229,0,694,17626,13446,211809,721109,11.162107,91793,130636
"trace_seq_size16_time90000000_p[0.2, 0.8].out",71836,0,1375,32927,43684,964269,180143,16.835958,107321,383258
"trace_seq_size8_time90000000_p[0.8, 0.2].out",28455,0,634,17965,13556,213938,719512,11.168679,77026,131148
"trace_seq_size16_time9000_p[0.2, 0.8].out",19369,6,1710,58822,308533,187265,180318,16.769567,7190220006,2149400147
"trace_seq_size128_time9000_p[0.8, 0.2].out",346360,33,2766,141725,251497,159195,719969,128.012589,117742915686,63356121616
"trace_seq_size16_time9000_p[0.5, 0.5].out",23853,9,3367,74123,301984,141269,450719,16.798639,13175790375,2510864518
"trace_seq_size64_time90000000_p[0.5, 0.5].out",619073,0,0,0,176656,831034,450367,64.023773,184047,666250
"trace_seq_size128_time900000_p[0.2, 0.8].out",2233213,0,0,211331,759454,345812,179873,128.00148,400255,1105251
"trace_seq_size8_time9000_p[0.5, 0.5].out",13314,3,2371,48321,240484,106992,449295,11.180771,6456430768,1145778027
"trace_seq_size64_time90000000_p[0.8, 0.2].out",234228,0,0,0,75644,408343,720069,64.013161,182383,559153
"trace_seq_size32_time90000_p[0.5, 0.5].out",83798,9,4993,129207,340948,245581,449569,32.033989,2195847,1137152
"trace_seq_size64_time90000000_p[0.2, 0.8].out",1043543,0,0,0,119694,1172235,180286,63.966087,185643,765081
"trace_seq_size32_time9000000_p[0.8, 0.2].out",112977,0,728,26000,41074,315345,719753,32.022396,143518,333601
"trace_seq_size32_time90000000_p[0.2, 0.8].out",300643,2,877,34153,62520,1098641,180292,32.07019,148375,538990
"trace_seq_size8_time900000_p[0.2, 0.8].out",27176,5,1403,25261,44649,859712,180169,11.166403,100701,303767
"trace_seq_size16_time90000000_p[0.8, 0.2].out",45667,0,849,24209,19682,256816,720215,16.771118,98405,191931
"trace_seq_size16_time900000_p[0.2, 0.8].out",71317,1,1372,32787,42811,962598,179279,16.807735,126580,383133
"trace_seq_size8_time90000_p[0.8, 0.2].out",27246,0,642,18540,27422,178113,720238,11.171179,261777,134928
"trace_seq_size8_time90000000_p[0.2, 0.8].out",27055,2,1373,25208,44661,863029,180024,11.171506,88037,304070
"trace_seq_size128_time90000_p[0.8, 0.2].out",347758,0,2531,141904,252756,158870,719737,128.018448,81742310525,43855095717
"trace_seq_size32_time900000_p[0.2, 0.8].out",299878,0,888,34329,62614,1093492,180205,32.019505,183593,540599
"trace_seq_size16_time9000000_p[0.5, 0.5].out",60264,0,3859,48944,57553,613101,450299,16.784006,102906,283564
"trace_seq_size32_time900000_p[0.8, 0.2].out",108096,0,686,23769,44564,318334,720319,32.033054,205328,333296
"trace_seq_size64_time9000000_p[0.8, 0.2].out",234533,0,0,0,75246,410457,719682,63.984432,182422,560547
"trace_seq_size32_time9000000_p[0.5, 0.5].out",205633,1,2988,49682,97616,722561,450157,31.999844,146032,438882
"trace_seq_size128_time9000_p[0.2, 0.8].out",376959,1257,161854,828976,497477,215923,180908,127.978188,95451766592,56662870428
"trace_seq_size64_time90000_p[0.5, 0.5].out",196708,7,12377,225219,431373,305088,450567,64.008812,25216865864,9184963037
"trace_seq_size64_time9000_p[0.2, 0.8].out",218401,74,41663,363223,432375,278552,180116,63.964893,48248291862,19336328291
"trace_seq_size16_time9000000_p[0.2, 0.8].out",71175,0,1337,33022,43392,964684,180166,16.743074,107240,381305
"trace_seq_size128_time9000000_p[0.5, 0.5].out",1427009,0,0,91311,600706,321070,449679,127.998535,277521,1015817
"trace_seq_size8_time90000000_p[0.5, 0.5].out",28813,0,2977,36722,52379,531012,449248,11.161341,82552,206961
"trace_seq_size16_time900000_p[0.8, 0.2].out",45533,0,815,24365,20010,256689,719783,16.774065,125196,192030
"trace_seq_size32_time90000000_p[0.5, 0.5].out",205537,1,2963,48551,100596,724096,449838,32.041325,146138,439113
"trace_seq_size64_time9000_p[0.8, 0.2].out",136068,6,830,63326,179027,244603,719266,63.977116,61149354023,19987772923
"trace_seq_size64_time90000_p[0.2, 0.8].out",234194,48,40620,355914,426589,288231,180337,64.032524,12235080436,4893871310
"trace_seq_size64_time9000000_p[0.5, 0.5].out",619285,0,0,0,177050,832587,449697,64.007889,184008,666895
"trace_seq_size16_time90000_p[0.5, 0.5].out",44748,0,3738,58414,153942,351667,450037,16.798092,359764,307880
"trace_seq_size16_time90000_p[0.2, 0.8].out",53335,2,1394,41804,117580,560306,180357,16.781202,206166,414425
"trace_seq_size128_time90000_p[0.2, 0.8].out",373570,1367,164830,828279,496700,215722,179721,128.02066,58764618318,35055224082
"trace_seq_size128_time9000000_p[0.2, 0.8].out",2301006,0,0,182484,771440,343493,179340,128.004898,281704,1101687
"trace_seq_size8_time9000000_p[0.2, 0.8].out",27461,3,1336,24988,44487,861989,179939,11.169279,88033,303227
"trace_seq_size32_time900000_p[0.5, 0.5].out",205135,0,3066,50066,97444,717349,450345,32.056667,209102,440318
"trace_seq_size64_time90000_p[0.8, 0.2].out",137225,0,651,61611,178633,245687,720168,64.060417,25152279540,8216381600
"trace_seq_size64_time9000_p[0.5, 0.5].out",192252,13,13180,227307,435682,301929,449503,64.059555,61479541909,22324887638
"trace_seq_size16_time90000000_p[0.5, 0.5].out",59918,0,3847,49244,56891,613494,449732,16.800346,102833,283190
"trace_seq_size128_time9000000_p[0.8, 0.2].out",567563,0,0,27970,283472,175300,719530,128.043121,273442,918328
"trace_seq_size64_time900000_p[0.2, 0.8].out",1038821,0,0,1743,127900,1151991,180132,63.985661,250131,765913
"trace_seq_size16_time900000_p[0.5, 0.5].out",59319,0,3805,49119,57557,608667,450375,16.771227,134640,283257
"trace_seq_size8_time9000_p[0.8, 0.2].out",19190,1,582,26508,103149,76037,719325,11.160962,6937697229,667061921
