filename,Normal_page_read_count,Multi-plane_one_shot_read_count,One_shot_read_count,Multi-plane_read_count,Multi-plane_SOML_read_count,SOML_read_count,Write_request_count,Write_request_average_size,Read_request_average_response_time,Write_request_average_response_time
"trace_seq_size8_time9000000_p[0.8, 0.2].out",39101,11,3061,6838,15534,214469,720243,11.18881,84178,130506
"trace_seq_size128_time9000_p[0.5, 0.5].out",183096,137681,80803,229920,300924,301674,450186,128.019455,109490777937,81980474689
"trace_seq_size32_time9000_p[0.5, 0.5].out",72017,9163,15015,100652,417595,145847,450036,32.029495,31333189268,7894496119
"trace_seq_size64_time900000_p[0.5, 0.5].out",487639,5,25458,45084,259980,702988,450143,63.991718,409418,736415
"trace_seq_size16_time9000_p[0.8, 0.2].out",26662,1556,6938,23605,142147,89985,719914,16.767365,13817305283,1719559191
"trace_seq_size32_time9000000_p[0.2, 0.8].out",315922,7,2172,30410,180628,971710,179726,31.975073,203403,533310
"trace_seq_size8_time90000_p[0.5, 0.5].out",42490,337,6183,19876,98186,355554,449570,11.195312,201841,246130
"trace_seq_size8_time9000_p[0.2, 0.8].out",19097,646,2074,24500,286303,84202,179878,11.185854,3534678679,1289017993
"trace_seq_size128_time900000_p[0.8, 0.2].out",202611,249,90744,72140,109002,348010,719521,128.012115,724525,1178512
"trace_seq_size128_time90000000_p[0.8, 0.2].out",203742,6,90462,71054,108934,349942,720456,127.995102,548494,1144516
"trace_seq_size8_time90000_p[0.2, 0.8].out",34374,118,2362,14772,92586,535584,180431,11.166784,125685,299355
"trace_seq_size16_time9000000_p[0.8, 0.2].out",58436,20,4660,9221,29374,254414,719676,16.785879,114577,193002
"trace_seq_size128_time90000000_p[0.5, 0.5].out",515982,26,232707,182195,211966,739704,449896,127.987587,556104,1268392
"trace_seq_size128_time90000000_p[0.2, 0.8].out",834353,55,382936,298262,276590,921355,179818,128.003525,563368,1384786
"trace_seq_size32_time90000_p[0.2, 0.8].out",147720,9098,11788,79683,315298,333987,180356,31.986305,641973,783439
"trace_seq_size64_time9000000_p[0.2, 0.8].out",813694,0,48094,77559,338260,884830,179984,64.037712,358031,840031
"trace_seq_size32_time9000_p[0.8, 0.2].out",58191,2190,11322,40620,171758,133400,719940,32.006512,31788907210,6304229728
"trace_seq_size32_time90000000_p[0.8, 0.2].out",122315,10,3912,14553,57456,302311,719749,32.005428,191570,343400
"trace_seq_size128_time90000_p[0.5, 0.5].out",179556,139495,80215,228744,300871,299328,449907,127.986664,72923492405,54680641992
"trace_seq_size32_time90000_p[0.8, 0.2].out",64822,2244,10250,37378,156830,148591,720195,32.039387,969099,500076
"trace_seq_size16_time90000_p[0.8, 0.2].out",49926,226,5357,13496,62519,187598,720167,16.798105,429933,250691
"trace_seq_size32_time9000_p[0.2, 0.8].out",94962,14420,13504,104917,410073,196443,180480,31.983206,24417462486,7565085030
"trace_seq_size8_time9000000_p[0.5, 0.5].out",49147,268,6481,15424,57132,535778,449749,11.149608,91212,201342
"trace_seq_size64_time900000_p[0.8, 0.2].out",192379,0,7643,15429,120247,350349,720046,63.989944,412598,616902
"trace_seq_size128_time900000_p[0.5, 0.5].out",504415,2141,231337,184814,209842,721465,449564,127.997688,685266,1327946
"trace_seq_size8_time900000_p[0.5, 0.5].out",48622,254,6618,15422,57808,531590,450823,11.156033,106239,200969
"trace_seq_size8_time900000_p[0.8, 0.2].out",38998,17,3015,6941,15686,213090,721109,11.162263,97656,130120
"trace_seq_size16_time90000000_p[0.2, 0.8].out",90476,27,2718,17366,111040,905178,180143,16.835958,127351,362511
"trace_seq_size8_time90000000_p[0.8, 0.2].out",38907,15,3151,7012,15744,215561,719512,11.168679,84323,130578
"trace_seq_size16_time9000_p[0.2, 0.8].out",34262,2026,3601,40429,366232,120996,180318,16.769524,8255285488,2669165936
"trace_seq_size128_time9000_p[0.8, 0.2].out",135660,28302,61124,84807,147129,240311,719969,128.011856,117643836518,82578454895
"trace_seq_size16_time9000_p[0.5, 0.5].out",31617,2940,8828,51168,344289,97016,450719,16.798843,12898353724,2581148624
"trace_seq_size64_time90000000_p[0.5, 0.5].out",495879,0,24717,43376,260200,709777,450367,64.023773,348642,734504
"trace_seq_size128_time900000_p[0.2, 0.8].out",818278,3921,378721,300587,274520,901573,179873,128.001373,619522,1427343
"trace_seq_size8_time9000_p[0.5, 0.5].out",20648,1800,5496,33843,268494,74442,449295,11.180917,6309942252,1167961710
"trace_seq_size64_time90000000_p[0.8, 0.2].out",193464,0,7638,15257,120392,350929,720069,64.013161,339135,615978
"trace_seq_size32_time90000_p[0.5, 0.5].out",83483,8454,15003,98902,382558,177755,449569,32.034698,1553662,969494
"trace_seq_size64_time90000000_p[0.2, 0.8].out",813641,0,47692,77700,338704,884641,180286,63.966087,358072,839929
"trace_seq_size32_time9000000_p[0.8, 0.2].out",126742,8,3977,15431,56122,297872,719753,32.022396,191819,343374
"trace_seq_size32_time90000000_p[0.2, 0.8].out",316109,13,2118,30768,179504,969152,180292,32.07019,203013,533375
"trace_seq_size8_time900000_p[0.2, 0.8].out",42194,64,2429,12220,76346,835609,180169,11.166296,106487,284984
"trace_seq_size16_time90000000_p[0.8, 0.2].out",58299,17,4648,9420,29160,252781,720215,16.771118,114304,192731
"trace_seq_size16_time900000_p[0.2, 0.8].out",89839,34,2669,17349,110760,902585,179279,16.807642,139121,361913
"trace_seq_size8_time90000_p[0.8, 0.2].out",36705,32,3139,8452,30537,175840,720238,11.17117,255545,145124
"trace_seq_size8_time90000000_p[0.2, 0.8].out",42093,38,2358,12429,76472,838545,180024,11.171506,98296,284533
"trace_seq_size128_time90000_p[0.8, 0.2].out",136788,28050,61382,84903,147730,240949,719737,128.018936,81747311755,57120229352
"trace_seq_size32_time900000_p[0.2, 0.8].out",314561,7,2476,30901,179784,963411,180205,32.019688,222494,533862
"trace_seq_size16_time9000000_p[0.5, 0.5].out",84441,182,8405,23310,85678,597334,450299,16.784006,120963,278986
"trace_seq_size32_time900000_p[0.8, 0.2].out",120329,15,3742,14275,58032,302362,720319,32.032887,232442,343169
"trace_seq_size64_time9000000_p[0.8, 0.2].out",193634,0,7775,15228,121450,351370,719682,63.984432,339269,616259
"trace_seq_size32_time9000000_p[0.5, 0.5].out",231322,39,6526,34783,144354,669080,450157,31.999844,197514,447121
"trace_seq_size128_time9000_p[0.2, 0.8].out",178117,213343,112034,446173,296078,229762,180908,127.977524,92343937716,73570639779
"trace_seq_size64_time90000_p[0.5, 0.5].out",109735,39716,29951,156412,434829,221740,450567,64.00885,23020703545,9604958737
"trace_seq_size64_time9000_p[0.2, 0.8].out",139406,62907,43436,255004,409147,201524,180116,63.964912,47445446595,22098530374
"trace_seq_size16_time9000000_p[0.2, 0.8].out",89920,30,2610,17485,110446,905938,180166,16.743074,127275,360860
"trace_seq_size128_time9000000_p[0.5, 0.5].out",517747,22,232600,182353,212696,738322,449679,127.998535,556043,1268489
"trace_seq_size8_time90000000_p[0.5, 0.5].out",48762,254,6397,15782,58200,535331,449248,11.161341,91259,201564
"trace_seq_size16_time900000_p[0.8, 0.2].out",58271,29,4742,9291,29162,253035,719783,16.773561,135580,192848
"trace_seq_size32_time90000000_p[0.5, 0.5].out",230577,30,6401,34224,145754,672059,449838,32.041325,197704,448188
"trace_seq_size64_time9000_p[0.8, 0.2].out",95390,4886,16803,54517,206949,196075,719266,63.977142,61608962630,22591695333
"trace_seq_size64_time90000_p[0.2, 0.8].out",147028,62116,44032,251591,408959,204660,180337,64.032425,11475158190,5362299388
"trace_seq_size64_time9000000_p[0.5, 0.5].out",496900,0,24645,43054,261662,710310,449697,64.007889,348706,734706
"trace_seq_size16_time90000_p[0.5, 0.5].out",62363,760,8808,33661,177054,323162,450037,16.797749,366277,379661
"trace_seq_size16_time90000_p[0.2, 0.8].out",63491,455,3277,23300,151830,483636,180357,16.78133,211361,512596
"trace_seq_size128_time90000_p[0.2, 0.8].out",178368,213633,111499,448421,295827,229432,179721,128.021194,55690248875,44649486770
"trace_seq_size128_time9000000_p[0.2, 0.8].out",835725,86,382482,299352,275776,922736,179340,128.004898,563491,1385634
"trace_seq_size8_time9000000_p[0.2, 0.8].out",42339,58,2327,12151,76176,837765,179939,11.169279,98247,283695
"trace_seq_size32_time900000_p[0.5, 0.5].out",230481,30,6889,35031,143944,663752,450345,32.057697,236278,448353
"trace_seq_size64_time90000_p[0.8, 0.2].out",95657,4854,16696,53589,206235,196842,720168,64.060135,25576652308,9373540434
"trace_seq_size64_time9000_p[0.5, 0.5].out",106829,40029,30415,157878,437205,219727,449503,64.057968,59244184128,24666913974
"trace_seq_size16_time90000000_p[0.5, 0.5].out",84718,158,8398,23267,85662,597269,449732,16.800346,120935,278948
"trace_seq_size128_time9000000_p[0.8, 0.2].out",204865,6,91138,71168,109086,352536,719530,128.043121,549069,1145232
"trace_seq_size64_time900000_p[0.2, 0.8].out",801591,1,49399,80019,337119,874598,180132,63.986031,388782,842850
"trace_seq_size16_time900000_p[0.5, 0.5].out",83467,173,8394,23403,85084,593552,450375,16.770908,142803,278627
"trace_seq_size8_time9000_p[0.8, 0.2].out",18399,671,3765,19585,112305,67217,719325,11.160832,7047726725,683807173
