filename,Normal_page_read_count,Multi-plane_one_shot_read_count,One_shot_read_count,Multi-plane_read_count,Multi-plane_SOML_read_count,SOML_read_count,Write_request_count,Write_request_average_size,Read_request_average_response_time,Write_request_average_response_time
"trace_seq_size8_time9000000_p[0.8, 0.2].out",30156,3,765,16103,22226,205135,720243,11.18881,84136,131938
"trace_seq_size128_time9000_p[0.5, 0.5].out",424501,9818,92237,435475,336739,355888,450186,128.022583,117206562530,76229536932
"trace_seq_size32_time9000_p[0.5, 0.5].out",85679,387,7113,116291,389404,208613,450036,32.02948,32300832490,7971877141
"trace_seq_size64_time900000_p[0.5, 0.5].out",520877,1,8482,46114,350236,628126,450143,63.991653,414301,715762
"trace_seq_size16_time9000_p[0.8, 0.2].out",33133,11,1367,33479,126937,104915,719914,16.767399,13614151848,1690776977
"trace_seq_size32_time9000000_p[0.2, 0.8].out",289336,5,1387,45692,209276,941468,179726,31.975073,203384,560155
"trace_seq_size8_time90000_p[0.5, 0.5].out",27004,61,2953,36082,110469,336816,449570,11.195216,212369,216303
"trace_seq_size8_time9000_p[0.2, 0.8].out",12515,72,1373,30237,270688,105733,179878,11.185872,3251776041,1147608923
"trace_seq_size128_time900000_p[0.8, 0.2].out",336096,23,30753,97097,131194,324236,719521,128.013794,703638,1044859
"trace_seq_size128_time90000000_p[0.8, 0.2].out",339658,0,29634,95676,131028,325208,720456,127.995102,556054,1043950
"trace_seq_size8_time90000_p[0.2, 0.8].out",21239,12,1607,25619,106934,518166,180431,11.166692,135950,324949
"trace_seq_size16_time9000000_p[0.8, 0.2].out",48513,8,1126,21530,38295,241481,719676,16.785879,114602,194787
"trace_seq_size128_time90000000_p[0.5, 0.5].out",858887,0,77375,248237,290390,652445,449896,127.987587,563029,1130325
"trace_seq_size128_time90000000_p[0.2, 0.8].out",1386756,8,127196,415181,343198,836008,179818,128.003525,569581,1218502
"trace_seq_size32_time90000_p[0.2, 0.8].out",146049,708,6305,98842,338968,341637,180356,31.986094,588209,718262
"trace_seq_size64_time9000000_p[0.2, 0.8].out",878422,0,16007,77716,411698,842615,179984,64.037712,358754,811878
"trace_seq_size32_time9000_p[0.8, 0.2].out",72438,18,2188,50347,148627,163336,719940,32.006836,31619286361,6218707869
"trace_seq_size32_time90000000_p[0.8, 0.2].out",108602,3,1023,26018,76702,282561,719749,32.005428,191454,343822
"trace_seq_size128_time90000_p[0.5, 0.5].out",423557,9781,93017,435534,337438,355677,449907,127.986755,80746651815,52614769705
"trace_seq_size32_time90000_p[0.8, 0.2].out",81337,24,1719,43363,131345,184528,720195,32.040024,892302,443050
"trace_seq_size16_time90000_p[0.8, 0.2].out",45217,8,1242,23412,63026,185233,720167,16.79768,436673,197208
"trace_seq_size32_time9000_p[0.2, 0.8].out",102151,1080,9155,127400,419104,232225,180480,31.983593,23256593479,6894015837
"trace_seq_size8_time9000000_p[0.5, 0.5].out",32071,47,3055,33094,78934,507331,449749,11.149608,91185,210813
"trace_seq_size64_time900000_p[0.8, 0.2].out",202296,0,2580,15559,149922,325673,720046,63.989941,414155,603566
"trace_seq_size128_time900000_p[0.5, 0.5].out",837681,356,77165,257950,287519,638025,449564,128.00209,682248,1135255
"trace_seq_size8_time900000_p[0.5, 0.5].out",31663,68,2912,33306,78795,503948,450823,11.155959,109414,210191
"trace_seq_size8_time900000_p[0.8, 0.2].out",29946,2,739,16177,22094,204157,721109,11.161793,99435,131472
"trace_seq_size16_time90000000_p[0.2, 0.8].out",72454,7,1786,31713,124977,883506,180143,16.835958,127354,395242
"trace_seq_size8_time90000000_p[0.8, 0.2].out",29992,8,814,16322,22402,206256,719512,11.168679,84272,131973
"trace_seq_size16_time9000_p[0.2, 0.8].out",27243,186,2388,49159,347433,149691,180318,16.769524,7648067243,2385588597
"trace_seq_size128_time9000_p[0.8, 0.2].out",255344,1573,32180,138204,156354,252379,719969,128.011978,121207781321,76791808591
"trace_seq_size16_time9000_p[0.5, 0.5].out",32631,197,4040,64549,324602,121684,450719,16.798994,13222841933,2612686125
"trace_seq_size64_time90000000_p[0.5, 0.5].out",529159,0,8311,43391,351562,634328,450367,64.023773,349243,715500
"trace_seq_size128_time900000_p[0.2, 0.8].out",1360885,606,125898,426165,341588,819014,179873,128.001373,627221,1225200
"trace_seq_size8_time9000_p[0.5, 0.5].out",18801,127,2579,42576,264848,82271,449295,11.180704,6407625639,1176118930
"trace_seq_size64_time90000000_p[0.8, 0.2].out",203673,0,2548,15351,149650,326546,720069,64.013161,339838,603666
"trace_seq_size32_time90000_p[0.5, 0.5].out",91761,391,6769,117248,369759,220975,449569,32.034039,3089709,1447447
"trace_seq_size64_time90000000_p[0.2, 0.8].out",878996,0,15826,77325,412770,841575,180286,63.966087,358887,811270
"trace_seq_size32_time9000000_p[0.8, 0.2].out",111825,0,1106,27482,74404,279070,719753,32.022396,191670,343846
"trace_seq_size32_time90000000_p[0.2, 0.8].out",288848,3,1563,45880,207386,940051,180292,32.07019,203041,558997
"trace_seq_size8_time900000_p[0.2, 0.8].out",28319,11,1577,23571,91911,814209,180169,11.166282,109761,312492
"trace_seq_size16_time90000000_p[0.8, 0.2].out",48419,3,1151,21581,37920,240161,720215,16.771118,114317,194404
"trace_seq_size16_time900000_p[0.2, 0.8].out",71800,10,1821,31636,124802,881001,179279,16.807732,143507,394493
"trace_seq_size8_time90000_p[0.8, 0.2].out",28944,5,789,16782,35423,168560,720238,11.171176,265664,132528
"trace_seq_size8_time90000000_p[0.2, 0.8].out",28444,8,1564,23421,91435,817836,180024,11.171506,98303,312449
"trace_seq_size128_time90000_p[0.8, 0.2].out",256379,1519,32086,138652,155407,253857,719737,128.018448,85295139288,53760084351
"trace_seq_size32_time900000_p[0.2, 0.8].out",287586,1,1601,46426,207215,934505,180205,32.019688,228419,560763
"trace_seq_size16_time9000000_p[0.5, 0.5].out",63783,41,3812,45783,105002,568353,450299,16.784006,120934,291339
"trace_seq_size32_time900000_p[0.8, 0.2].out",107210,3,1052,25103,78236,281763,720319,32.032658,233547,343611
"trace_seq_size64_time9000000_p[0.8, 0.2].out",204610,0,2616,14902,150438,327535,719682,63.984432,339852,603817
"trace_seq_size32_time9000000_p[0.5, 0.5].out",200218,9,3098,56287,186235,625767,450157,31.999844,197536,457730
"trace_seq_size128_time9000_p[0.2, 0.8].out",414665,26776,177526,747560,342149,286126,180908,127.978188,97423114020,65734420215
"trace_seq_size64_time90000_p[0.5, 0.5].out",212573,1517,21141,199484,435177,293543,450567,64.0093,26070996092,10325825301
"trace_seq_size64_time9000_p[0.2, 0.8].out",237810,5594,47808,332649,451208,247243,180116,63.964943,49352768358,21144548215
"trace_seq_size16_time9000000_p[0.2, 0.8].out",71509,6,1787,31897,125420,883186,180166,16.743074,127287,393370
"trace_seq_size128_time9000000_p[0.5, 0.5].out",859524,1,77092,249421,290284,651474,449679,127.998535,563120,1131780
"trace_seq_size8_time90000000_p[0.5, 0.5].out",31854,57,3020,33244,78786,508054,449248,11.161341,91256,211095
"trace_seq_size16_time900000_p[0.8, 0.2].out",48283,4,1109,21744,37896,240415,719783,16.773849,137197,194614
"trace_seq_size32_time90000000_p[0.5, 0.5].out",199447,11,3093,55549,189626,626713,449838,32.041325,197761,458488
"trace_seq_size64_time9000_p[0.8, 0.2].out",135555,87,4778,56026,192535,231717,719266,63.97715,62277604808,22182310315
"trace_seq_size64_time90000_p[0.2, 0.8].out",244504,5498,46546,330759,450538,250116,180337,64.031532,13320681657,5737739493
"trace_seq_size64_time9000000_p[0.5, 0.5].out",529311,0,8321,43332,351944,636038,449697,64.007889,349296,714811
"trace_seq_size16_time90000_p[0.5, 0.5].out",48240,57,4030,52465,174149,323090,450037,16.798122,350916,306780
"trace_seq_size16_time90000_p[0.2, 0.8].out",46971,42,2055,37479,157554,480228,180357,16.781055,206175,427693
"trace_seq_size128_time90000_p[0.2, 0.8].out",413968,26994,176435,751460,343204,284239,179721,128.020691,60704678934,41172755321
"trace_seq_size128_time9000000_p[0.2, 0.8].out",1389240,7,126760,415795,342992,836760,179340,128.004898,569557,1218546
"trace_seq_size8_time9000000_p[0.2, 0.8].out",28526,13,1540,23364,91147,816833,179939,11.169279,98243,311269
"trace_seq_size32_time900000_p[0.5, 0.5].out",199157,6,3191,56862,186148,620474,450345,32.056465,242134,458468
"trace_seq_size64_time90000_p[0.8, 0.2].out",135114,75,4879,55239,191904,232055,720168,64.058662,26217881157,9340150099
"trace_seq_size64_time9000_p[0.5, 0.5].out",209578,1573,21590,201219,438169,291781,449503,64.058128,62254461825,24622580381
"trace_seq_size16_time90000000_p[0.5, 0.5].out",63743,32,3996,45541,104305,569022,449732,16.800346,120892,291378
"trace_seq_size128_time9000000_p[0.8, 0.2].out",342038,0,30041,95510,132252,326842,719530,128.043121,555912,1044471
"trace_seq_size64_time900000_p[0.2, 0.8].out",867299,0,16689,80820,410779,831725,180132,63.986115,393176,813829
"trace_seq_size16_time900000_p[0.5, 0.5].out",62939,27,3868,45967,104612,563851,450375,16.771269,147137,290780
"trace_seq_size8_time9000_p[0.8, 0.2].out",21010,9,803,24446,107671,72328,719325,11.160958,6952640526,674047377
