filename,Normal_page_read_count,Multi-plane_one_shot_read_count,One_shot_read_count,Multi-plane_read_count,Multi-plane_SOML_read_count,SOML_read_count,Write_request_count,Write_request_average_size,Read_request_average_response_time,Write_request_average_response_time
"trace_seq_size8_time9000000_p[0.8, 0.2].out",29554,2,570,17088,13690,212888,720243,11.18881,76985,131134
"trace_seq_size128_time9000_p[0.5, 0.5].out",536385,335,42143,467148,396683,338801,450186,128.021561,115222329705,65115616068
"trace_seq_size32_time9000_p[0.5, 0.5].out",88556,34,5281,118948,353618,247971,450036,32.028625,32278277238,7601327105
"trace_seq_size64_time900000_p[0.5, 0.5].out",616006,0,0,355,161888,839630,450143,63.991653,312070,668405
"trace_seq_size16_time9000_p[0.8, 0.2].out",32338,2,915,35840,117934,112372,719914,16.767704,13596726059,1663373669
"trace_seq_size32_time9000000_p[0.2, 0.8].out",301875,1,856,33263,63084,1101598,179726,31.975073,148520,538955
"trace_seq_size8_time90000_p[0.5, 0.5].out",26808,50,2663,37974,75176,383811,449570,11.195371,213617,219000
"trace_seq_size8_time9000_p[0.2, 0.8].out",10058,10,1147,33355,210872,172992,179878,11.185841,3166293066,1059435661
"trace_seq_size128_time900000_p[0.8, 0.2].out",584098,0,19,9991,136316,338431,719521,128.013672,611940,919306
"trace_seq_size128_time90000000_p[0.8, 0.2].out",583283,0,0,9135,135508,339087,720456,127.995102,279308,920657
"trace_seq_size8_time90000_p[0.2, 0.8].out",23092,13,1366,27181,64787,592097,180431,11.166649,134851,320486
"trace_seq_size16_time9000000_p[0.8, 0.2].out",48543,0,761,23082,19060,258725,719676,16.785879,98544,192626
"trace_seq_size128_time90000000_p[0.5, 0.5].out",1487515,0,0,30122,305896,676665,449896,127.987587,285304,1018021
"trace_seq_size128_time90000000_p[0.2, 0.8].out",2422833,0,0,60770,317396,916195,179818,128.003525,291242,1105912
"trace_seq_size32_time90000_p[0.2, 0.8].out",184054,14,2559,85288,230389,488757,180356,31.986238,503722,667310
"trace_seq_size64_time9000000_p[0.2, 0.8].out",1044218,0,0,0,114030,1177944,179984,64.037712,185604,764819
"trace_seq_size32_time9000_p[0.8, 0.2].out",70147,6,1204,53384,143508,168589,719940,32.006836,31301852255,5955203820
"trace_seq_size32_time90000000_p[0.8, 0.2].out",109998,0,718,24400,43102,318934,719749,32.005428,143508,333401
"trace_seq_size128_time90000_p[0.5, 0.5].out",537603,318,42698,465883,396837,339989,449907,127.986755,78624205444,44507071659
"trace_seq_size32_time90000_p[0.8, 0.2].out",80057,3,873,45373,128568,188044,720195,32.040165,1002305,424534
"trace_seq_size16_time90000_p[0.8, 0.2].out",45507,2,815,25197,36776,212082,720167,16.798126,446214,202050
"trace_seq_size32_time9000_p[0.2, 0.8].out",110079,112,6272,128937,354799,299488,180480,31.983324,22101313167,6278654615
"trace_seq_size8_time9000000_p[0.5, 0.5].out",31650,50,2823,34246,53152,531912,449749,11.149608,82495,207340
"trace_seq_size64_time900000_p[0.8, 0.2].out",233432,0,0,35,67786,416186,720046,63.989891,334111,561254
"trace_seq_size128_time900000_p[0.5, 0.5].out",1471361,0,154,37178,304050,666036,449564,128.003372,541515,1017670
"trace_seq_size8_time900000_p[0.5, 0.5].out",31271,47,2783,34381,52531,529084,450823,11.156096,102079,206909
"trace_seq_size8_time900000_p[0.8, 0.2].out",29439,1,515,17055,13804,211914,721109,11.161968,91853,130700
"trace_seq_size16_time90000000_p[0.2, 0.8].out",73540,4,1414,32409,41736,965408,180143,16.835958,107321,383981
"trace_seq_size8_time90000000_p[0.8, 0.2].out",29423,1,571,17342,13898,214057,719512,11.168679,77026,131206
"trace_seq_size16_time9000_p[0.2, 0.8].out",24291,16,1659,54656,286495,212489,180318,16.769505,7241578509,2166405388
"trace_seq_size128_time9000_p[0.8, 0.2].out",370238,33,3963,122699,171122,250205,719969,128.009445,118503292539,63765232573
"trace_seq_size16_time9000_p[0.5, 0.5].out",30241,39,3434,70077,280804,164048,450719,16.798677,13288033139,2530466499
"trace_seq_size64_time90000000_p[0.5, 0.5].out",619073,0,0,0,159864,847826,450367,64.023773,184047,667695
"trace_seq_size128_time900000_p[0.2, 0.8].out",2396593,0,205,70727,318595,901564,179873,128.00148,413035,1110089
"trace_seq_size8_time9000_p[0.5, 0.5].out",16459,39,2061,45606,227489,122999,449295,11.180743,6495273961,1152557387
"trace_seq_size64_time90000000_p[0.8, 0.2].out",234228,0,0,0,67384,416603,720069,64.013161,182383,559622
"trace_seq_size32_time90000_p[0.5, 0.5].out",96103,39,4933,118643,330566,264985,449569,32.034912,2875362,1328429
"trace_seq_size64_time90000000_p[0.2, 0.8].out",1043543,0,0,0,114552,1177377,180286,63.966087,185643,766175
"trace_seq_size32_time9000000_p[0.8, 0.2].out",113252,0,727,25898,40414,315937,719753,32.022396,143518,333661
"trace_seq_size32_time90000000_p[0.2, 0.8].out",301014,0,817,34099,61758,1099332,180292,32.07019,148375,539238
"trace_seq_size8_time900000_p[0.2, 0.8].out",28263,14,1342,24325,44139,861133,180169,11.166403,100767,304259
"trace_seq_size16_time90000000_p[0.8, 0.2].out",48329,1,746,23248,18978,257083,720215,16.771118,98405,192109
"trace_seq_size16_time900000_p[0.2, 0.8].out",72800,7,1339,32388,41044,963737,179279,16.807735,126681,383771
"trace_seq_size8_time90000_p[0.8, 0.2].out",28323,2,557,17892,19444,186516,720238,11.171309,262872,135004
"trace_seq_size8_time90000000_p[0.2, 0.8].out",28448,5,1390,24105,43781,864653,180024,11.171506,88037,304755
"trace_seq_size128_time90000_p[0.8, 0.2].out",371073,3,3782,123137,171055,250820,719737,128.018448,82418942413,44218065761
"trace_seq_size32_time900000_p[0.2, 0.8].out",300506,1,893,34021,61808,1094269,180205,32.019505,183583,540974
"trace_seq_size16_time9000000_p[0.5, 0.5].out",64945,42,3790,47052,53513,616199,450299,16.784006,102906,284313
"trace_seq_size32_time900000_p[0.8, 0.2].out",108568,3,625,23630,44146,318724,720319,32.033054,205410,333344
"trace_seq_size64_time9000000_p[0.8, 0.2].out",234533,0,0,0,67468,418235,719682,63.984432,182422,560990
"trace_seq_size32_time9000000_p[0.5, 0.5].out",207870,6,2945,48684,95406,724629,450157,31.999844,146032,439284
"trace_seq_size128_time9000_p[0.2, 0.8].out",533008,2822,137865,780098,421752,294860,180908,127.977516,95991450664,56983467053
"trace_seq_size64_time90000_p[0.5, 0.5].out",227446,64,12662,209558,389669,346164,450567,64.009621,25655355962,9344687963
"trace_seq_size64_time9000_p[0.2, 0.8].out",295144,606,37981,326272,383139,332074,180116,63.964783,48656984448,19500205185
"trace_seq_size16_time9000000_p[0.2, 0.8].out",72602,4,1311,32484,41504,966275,180166,16.743074,107240,381994
"trace_seq_size128_time9000000_p[0.5, 0.5].out",1488931,0,0,30441,305262,676332,449679,127.998535,285297,1016833
"trace_seq_size8_time90000000_p[0.5, 0.5].out",31643,47,2839,34256,52943,532682,449248,11.161341,82552,207334
"trace_seq_size16_time900000_p[0.8, 0.2].out",48224,2,749,23345,18859,257375,719783,16.773966,125344,192244
"trace_seq_size32_time90000000_p[0.5, 0.5].out",207891,8,2855,47568,97844,726742,449838,32.041325,146138,439560
"trace_seq_size64_time9000_p[0.8, 0.2].out",142450,1,942,59837,166151,257834,719266,63.977127,61321222327,20043900324
"trace_seq_size64_time90000_p[0.2, 0.8].out",310373,580,36404,319797,379384,340260,180337,64.030762,12627887688,5051074278
"trace_seq_size64_time9000000_p[0.5, 0.5].out",619285,0,0,0,160594,849043,449697,64.007889,184008,668326
"trace_seq_size16_time90000_p[0.5, 0.5].out",50867,39,3679,55136,111938,393628,450037,16.797852,363442,308760
"trace_seq_size16_time90000_p[0.2, 0.8].out",56512,6,1464,39634,88258,590259,180357,16.781349,208141,415581
"trace_seq_size128_time90000_p[0.2, 0.8].out",530103,2924,140222,779850,423192,293331,179721,128.020309,59327759974,35391380403
"trace_seq_size128_time9000000_p[0.2, 0.8].out",2425198,0,0,60889,318238,915693,179340,128.004898,291242,1106090
"trace_seq_size8_time9000000_p[0.2, 0.8].out",28587,10,1357,24046,43683,863446,179939,11.169279,88033,303797
"trace_seq_size32_time900000_p[0.5, 0.5].out",206937,9,3134,49073,94794,719919,450345,32.056667,209379,440755
"trace_seq_size64_time90000_p[0.8, 0.2].out",143105,0,843,58560,163592,260509,720168,64.05809,25288993807,8260973867
"trace_seq_size64_time9000_p[0.5, 0.5].out",224921,60,13247,211044,393165,344122,449503,64.057846,61908261362,22480609414
"trace_seq_size16_time90000000_p[0.5, 0.5].out",64916,34,3718,47246,53224,616342,449732,16.800346,102833,283951
"trace_seq_size128_time9000000_p[0.8, 0.2].out",586555,0,0,9194,136644,340688,719530,128.043121,279557,919923
"trace_seq_size64_time900000_p[0.2, 0.8].out",1040028,0,0,596,117884,1163083,180132,63.985661,250585,766874
"trace_seq_size16_time900000_p[0.5, 0.5].out",64459,40,3616,47073,53519,611978,450375,16.771227,134959,284054
"trace_seq_size8_time9000_p[0.8, 0.2].out",20215,2,562,25530,97341,82841,719325,11.160962,6970689522,669948930
