filename,Normal_page_read_count,Multi-plane_one_shot_read_count,One_shot_read_count,Multi-plane_read_count,Multi-plane_SOML_read_count,SOML_read_count,Write_request_count,Write_request_average_size,Read_request_average_response_time,Write_request_average_response_time
"trace_random_size128_time9000000_p[0.8, 0.2].out",230684,8,49727,150142,75146,640751,719737,128.008774,529131,1341511
"trace_random_size64_time9000_p[0.8, 0.2].out",129198,1253,7577,105477,312015,381242,720106,63.99715,79565435607,39055124285
"trace_random_size8_time9000_p[0.2, 0.8].out",12671,59,208,15867,719291,342559,179519,11.167791,18335342105,3760195697
"trace_random_size16_time900000_p[0.2, 0.8].out",83886,0,4,6196,172700,978823,180108,16.774506,145068,406685
"trace_random_size32_time9000000_p[0.2, 0.8].out",320511,0,43,32045,201666,1004129,180970,32.027451,197860,543355
"trace_random_size8_time900000_p[0.5, 0.5].out",33672,0,2,6024,217802,776298,450001,11.166119,134651,361714
"trace_random_size32_time9000_p[0.5, 0.5].out",88976,1762,4723,119039,639380,310564,449913,32.031368,42068149624,13661553396
"trace_random_size128_time9000000_p[0.2, 0.8].out",1032810,25,253406,413622,182353,937955,179717,128.004257,530573,1357986
"trace_random_size8_time90000_p[0.5, 0.5].out",22864,19,68,15861,525776,458341,450113,11.167904,682829,569686
"trace_random_size64_time9000000_p[0.2, 0.8].out",798624,0,23590,140259,210533,943288,180070,64.042892,325546,818082
"trace_random_size64_time9000000_p[0.5, 0.5].out",468633,0,13475,122519,164383,805366,450214,63.985874,322724,819041
"trace_random_size8_time9000000_p[0.8, 0.2].out",43447,0,0,9224,242232,603367,719835,11.167713,104970,356457
"trace_random_size128_time90000_p[0.2, 0.8].out",294303,79922,139635,844210,490079,366499,180091,128.022812,64021964174,52701788036
"trace_random_size64_time90000_p[0.8, 0.2].out",130224,1279,7403,104546,311070,382605,720381,64.036835,43336116378,21317136119
"trace_random_size16_time9000000_p[0.8, 0.2].out",67647,0,0,10514,210237,587243,719346,16.759941,130121,407500
"trace_random_size16_time90000000_p[0.8, 0.2].out",67633,0,0,10590,210169,587766,720102,16.768063,130564,407650
"trace_random_size64_time90000000_p[0.2, 0.8].out",798301,0,23702,140871,208419,946530,179127,64.029213,325607,819134
"trace_random_size32_time90000_p[0.8, 0.2].out",73342,158,1664,53990,418743,321901,719398,31.988354,15362782084,4990344481
"trace_random_size128_time900000_p[0.8, 0.2].out",232979,145,49634,148704,77858,638610,719998,128.053314,769398,1441058
"trace_random_size8_time900000_p[0.8, 0.2].out",43619,0,0,9290,242506,602816,719842,11.172122,148468,356477
"trace_random_size8_time9000000_p[0.5, 0.5].out",33373,0,0,5947,215589,778450,449311,11.164676,105175,361266
"trace_random_size128_time900000_p[0.2, 0.8].out",1024382,430,254099,418038,182127,933738,179527,127.967728,590464,1390062
"trace_random_size32_time90000000_p[0.5, 0.5].out",217455,0,28,29654,223501,800861,450495,32.001141,196178,547251
"trace_random_size8_time90000000_p[0.8, 0.2].out",43426,0,0,9163,242444,603233,720237,11.162965,104973,356368
"trace_random_size64_time90000_p[0.2, 0.8].out",199876,19702,34570,466593,649761,298513,180391,64.065437,18004313941,8873428363
"trace_random_size128_time90000000_p[0.5, 0.5].out",593706,20,139329,323848,131888,818009,449211,128.014008,529322,1355365
"trace_random_size8_time90000_p[0.2, 0.8].out",23011,19,62,6058,314431,758324,179438,11.19794,343092,487521
"trace_random_size128_time90000_p[0.8, 0.2].out",175188,8290,40950,184882,229115,448732,720085,128.002472,99465239448,82190444804
"trace_random_size64_time900000_p[0.2, 0.8].out",793900,21,23584,142557,210501,942479,180367,63.998211,357096,821612
"trace_random_size16_time9000000_p[0.5, 0.5].out",75249,0,0,9367,220181,793174,449979,16.772581,130530,415374
"trace_random_size64_time9000_p[0.2, 0.8].out",196120,19745,33877,469630,654294,294194,180257,63.976601,54247965468,26721446626
"trace_random_size64_time90000000_p[0.5, 0.5].out",468425,0,12951,122718,164614,804979,450614,63.96666,322309,818913
"trace_random_size16_time90000000_p[0.2, 0.8].out",83502,0,0,6266,171825,979117,179411,16.766605,131143,405788
"trace_random_size64_time900000_p[0.5, 0.5].out",467556,10,13438,123739,167011,802116,450034,63.980064,398056,827343
"trace_random_size64_time9000_p[0.5, 0.5].out",193221,10506,19924,275371,500840,355116,450330,64.012421,67728838510,33281922305
"trace_random_size16_time9000000_p[0.2, 0.8].out",82653,0,0,6266,171612,981161,179335,16.777813,131258,406797
"trace_random_size16_time90000_p[0.8, 0.2].out",39536,19,215,34799,479653,297660,719890,16.768354,2851878565,690155963
"trace_random_size16_time9000_p[0.2, 0.8].out",35154,447,1250,47607,773804,335259,180205,16.759508,22864917871,5508108448
"trace_random_size64_time900000_p[0.8, 0.2].out",197048,4,4827,60411,109512,622331,719920,64.014214,434939,820761
"trace_random_size16_time90000_p[0.2, 0.8].out",64410,187,637,22619,427198,707025,179942,16.785643,470991,590893
"trace_random_size128_time900000_p[0.5, 0.5].out",591384,540,138671,324609,134262,812785,449898,128.009674,682377,1427916
"trace_random_size8_time9000_p[0.5, 0.5].out",15015,33,147,22944,712134,266271,450114,11.176904,25308851764,5214904494
"trace_random_size128_time9000_p[0.8, 0.2].out",174555,8358,40310,185504,227769,448970,720309,128.023972,136175198910,112077258910
"trace_random_size8_time90000000_p[0.5, 0.5].out",33582,0,0,5977,215512,778059,449988,11.174069,105185,361782
"trace_random_size128_time9000_p[0.2, 0.8].out",295245,79362,140012,843028,489467,368400,180770,128.018906,100556576477,82749752223
"trace_random_size32_time90000_p[0.2, 0.8].out",130933,3223,7084,157348,705471,400521,180399,32.019669,1128226,970688
"trace_random_size128_time9000_p[0.5, 0.5].out",301449,44604,88855,481869,369818,438347,449809,128.033875,119281289021,98020984789
"trace_random_size32_time900000_p[0.8, 0.2].out",120960,0,21,17737,189428,580101,720394,32.033787,264174,538674
"trace_random_size16_time9000_p[0.5, 0.5].out",33159,183,683,45767,696934,282469,450960,16.778635,29983925706,7238118215
"trace_random_size16_time90000000_p[0.5, 0.5].out",74665,0,0,9245,220168,794379,450231,16.765198,130443,414987
"trace_random_size8_time9000000_p[0.2, 0.8].out",27008,0,0,2377,142824,933749,179933,11.163061,105570,348499
"trace_random_size64_time90000_p[0.5, 0.5].out",193612,10171,20089,276135,500268,357380,449703,64.020851,31484969959,15479558168
"trace_random_size32_time90000000_p[0.8, 0.2].out",120464,0,11,17872,189757,580695,720123,32.008244,195499,537934
"trace_random_size32_time90000_p[0.5, 0.5].out",91305,1688,4398,118244,634345,316138,450083,32.061928,6536765458,2116560843
"trace_random_size16_time90000_p[0.5, 0.5].out",42707,141,572,38116,602422,383770,449961,16.751768,863594,697941
"trace_random_size8_time9000_p[0.8, 0.2].out",24497,1,27,26502,546582,283707,719683,11.156201,32862157483,6785483219
"trace_random_size32_time9000000_p[0.5, 0.5].out",217320,0,25,29630,223937,802316,450066,31.999882,196249,547609
"trace_random_size128_time9000000_p[0.5, 0.5].out",593373,15,139441,323227,131834,818483,449483,127.974159,529852,1354961
"trace_random_size64_time90000000_p[0.8, 0.2].out",197708,0,4884,60523,108343,623307,719762,63.998981,321012,808293
"trace_random_size16_time900000_p[0.8, 0.2].out",67458,0,0,10399,210792,588177,719129,16.767559,179198,407617
"trace_random_size128_time90000_p[0.5, 0.5].out",301635,44573,88534,482659,369912,437735,449576,128.037308,82748817588,68057316867
"trace_random_size32_time9000_p[0.2, 0.8].out",102368,4121,7858,177359,767446,319098,180352,32.017933,33388799965,10780562284
"trace_random_size32_time90000000_p[0.2, 0.8].out",320388,0,34,32325,201214,1004998,179552,32.011681,197766,543713
"trace_random_size16_time9000_p[0.8, 0.2].out",39654,14,234,34768,482209,295368,720330,16.781029,37848429141,9152576662
"trace_random_size128_time90000000_p[0.2, 0.8].out",1031852,26,252050,415317,182325,936926,180098,127.959946,530322,1357364
"trace_random_size64_time9000000_p[0.8, 0.2].out",197693,0,4845,60080,108393,622190,719713,63.988636,320938,807653
"trace_random_size128_time90000000_p[0.8, 0.2].out",229733,7,50195,150609,74870,642617,719266,128.005951,529753,1341595
"trace_random_size16_time900000_p[0.5, 0.5].out",75699,0,4,9443,220802,794131,449509,16.78721,164010,415717
"trace_random_size8_time900000_p[0.2, 0.8].out",26935,0,0,2461,143690,932285,181057,11.159022,117250,348104
"trace_random_size32_time900000_p[0.2, 0.8].out",320186,0,105,32143,203901,1003170,179649,32.031555,216745,543918
"trace_random_size32_time9000000_p[0.8, 0.2].out",120754,0,11,17496,189959,580328,720394,32.055885,195573,538177
"trace_random_size8_time90000000_p[0.2, 0.8].out",27059,0,0,2393,142127,934187,180078,11.171837,105557,348648
"trace_random_size8_time90000_p[0.8, 0.2].out",26252,0,30,25122,532847,298189,719791,11.153494,349323347,72463221
"trace_random_size32_time9000_p[0.8, 0.2].out",72963,197,1597,54361,419071,320936,719802,32.016453,50932024017,16575382650
"trace_random_size32_time900000_p[0.5, 0.5].out",217562,0,75,29819,224485,799836,450266,32.057449,242385,548306
