filename,Normal_page_read_count,Multi-plane_one_shot_read_count,One_shot_read_count,Multi-plane_read_count,Multi-plane_SOML_read_count,SOML_read_count,Write_request_count,Write_request_average_size,Read_request_average_response_time,Write_request_average_response_time
"trace_random_size128_time9000000_p[0.8, 0.2].out",602509,0,0,39181,275577,439666,719737,128.008774,285879,1040742
"trace_random_size64_time9000_p[0.8, 0.2].out",189596,10,520,80436,313016,398587,720106,63.9977,80013919712,33457450407
"trace_random_size8_time9000_p[0.2, 0.8].out",12305,0,143,16285,667773,394301,179519,11.167792,16792062577,3265935354
"trace_random_size16_time900000_p[0.2, 0.8].out",83990,0,0,5779,110087,1042247,180108,16.77463,139246,416189
"trace_random_size32_time9000000_p[0.2, 0.8].out",348286,0,0,4878,95299,1137224,180970,32.027451,155339,527596
"trace_random_size8_time900000_p[0.5, 0.5].out",26477,0,0,12596,284071,704257,450001,11.166186,144802,382168
"trace_random_size32_time9000_p[0.5, 0.5].out",113992,9,1702,105344,574680,397271,449913,32.031723,43776930562,12951608962
"trace_random_size128_time9000000_p[0.2, 0.8].out",2317782,0,0,175780,656039,415368,179717,128.004257,283678,1056669
"trace_random_size8_time90000_p[0.5, 0.5].out",19413,0,15,19057,544174,437470,450113,11.167956,667193,473959
"trace_random_size64_time9000000_p[0.2, 0.8].out",1057867,0,0,2523,76330,1164509,180070,64.042892,185500,730207
"trace_random_size64_time9000000_p[0.5, 0.5].out",673758,0,0,5825,160354,878102,450214,63.985874,185549,726894
"trace_random_size8_time9000000_p[0.8, 0.2].out",30052,0,0,21264,393980,441143,719835,11.167713,99474,373459
"trace_random_size128_time90000_p[0.2, 0.8].out",674741,1175,66216,992034,516083,357177,180091,128.021469,65782610698,40068675229
"trace_random_size64_time90000_p[0.8, 0.2].out",191371,0,325,79310,309874,402070,720381,64.035835,43836108434,18373226339
"trace_random_size16_time9000000_p[0.8, 0.2].out",53037,0,0,23137,320044,466921,719346,16.759941,118201,411071
"trace_random_size16_time90000000_p[0.8, 0.2].out",53284,0,0,23032,320480,467042,720102,16.768063,118552,411337
"trace_random_size64_time90000000_p[0.2, 0.8].out",1058663,0,0,2505,75802,1166641,179127,64.029213,185532,730451
"trace_random_size32_time90000_p[0.8, 0.2].out",82976,0,71,47709,403636,345722,719398,31.988163,16471806941,4871989028
"trace_random_size128_time900000_p[0.8, 0.2].out",598449,0,0,40843,276161,440355,719998,128.049515,656177,1042547
"trace_random_size8_time900000_p[0.8, 0.2].out",30504,0,0,21040,394633,440516,719842,11.172268,164762,374026
"trace_random_size8_time9000000_p[0.5, 0.5].out",26437,0,0,12250,281935,706595,449311,11.164676,99544,381478
"trace_random_size128_time900000_p[0.2, 0.8].out",2302768,0,0,184725,653072,415928,179527,127.967979,385908,1056508
"trace_random_size32_time90000000_p[0.5, 0.5].out",234552,0,0,12319,206763,835308,450495,32.001141,155268,528295
"trace_random_size8_time90000000_p[0.8, 0.2].out",29671,0,0,21420,394926,440202,720237,11.162965,99482,373247
"trace_random_size64_time90000_p[0.2, 0.8].out",314385,168,24515,453906,537138,469402,180391,64.065384,19540647344,8231706758
"trace_random_size128_time90000000_p[0.5, 0.5].out",1469725,0,0,100503,463957,474733,449211,128.014008,285012,1053553
"trace_random_size8_time90000_p[0.2, 0.8].out",21088,0,9,7919,302324,769022,179438,11.197814,346655,413605
"trace_random_size128_time90000_p[0.8, 0.2].out",402296,0,1230,165536,286499,371851,720085,128.002029,98650961357,60414707278
"trace_random_size64_time900000_p[0.2, 0.8].out",1052407,0,0,5005,79313,1161167,180367,63.998028,243772,728833
"trace_random_size16_time9000000_p[0.5, 0.5].out",68017,0,0,15485,244738,763707,449979,16.772581,118234,423011
"trace_random_size64_time9000_p[0.2, 0.8].out",311358,264,25047,453992,541140,466792,180257,63.976398,55872882243,23511243121
"trace_random_size64_time90000000_p[0.5, 0.5].out",672465,0,0,5839,160060,878135,450614,63.96666,185501,726454
"trace_random_size16_time90000000_p[0.2, 0.8].out",83827,0,0,5614,106735,1045254,179411,16.766605,118265,415406
"trace_random_size64_time900000_p[0.5, 0.5].out",671326,0,0,8005,162327,874908,450034,63.980053,324287,727436
"trace_random_size64_time9000_p[0.5, 0.5].out",287258,50,7146,258445,449788,447092,450330,64.012405,69456350790,29086481371
"trace_random_size16_time9000000_p[0.2, 0.8].out",82856,0,0,5714,106879,1046876,179335,16.777813,118326,417177
"trace_random_size16_time90000_p[0.8, 0.2].out",39238,0,5,35112,473874,303955,719890,16.76825,3837441183,866629403
"trace_random_size16_time9000_p[0.2, 0.8].out",37864,5,735,46435,700973,412015,180205,16.759365,21423303077,4821253999
"trace_random_size64_time900000_p[0.8, 0.2].out",287560,0,0,8281,199232,560893,719920,64.014214,392195,712908
"trace_random_size16_time90000_p[0.2, 0.8].out",66356,2,174,21440,358571,778627,179942,16.785097,459958,485538
"trace_random_size128_time900000_p[0.5, 0.5].out",1452789,0,0,108364,462967,474436,449898,128.010101,530483,1055673
"trace_random_size8_time9000_p[0.5, 0.5].out",15149,0,49,22872,662661,316417,450114,11.176956,26447489900,5179143672
"trace_random_size128_time9000_p[0.8, 0.2].out",400101,28,1418,165965,285481,371461,720309,128.023239,135276916973,82539055366
"trace_random_size8_time90000000_p[0.5, 0.5].out",26406,0,0,12487,282442,705476,449988,11.174069,99616,382250
"trace_random_size128_time9000_p[0.2, 0.8].out",679293,1174,65532,988814,516090,358784,180770,128.018341,102331669444,62292966402
"trace_random_size32_time90000_p[0.2, 0.8].out",171753,20,3828,134906,576980,562111,180399,32.019306,958115,887340
"trace_random_size128_time9000_p[0.5, 0.5].out",609145,229,21083,567656,421345,377139,449809,128.037735,120672053288,73416142031
"trace_random_size32_time900000_p[0.8, 0.2].out",120283,0,0,17302,260524,510665,720394,32.03484,261324,515646
"trace_random_size16_time9000_p[0.5, 0.5].out",37090,3,280,42961,636945,346529,450960,16.777868,31347225702,7074604910
"trace_random_size16_time90000000_p[0.5, 0.5].out",67209,0,0,15533,244118,765403,450231,16.765198,118192,422767
"trace_random_size8_time9000000_p[0.2, 0.8].out",25319,0,0,3920,115679,959626,179933,11.163061,99619,369038
"trace_random_size64_time90000_p[0.5, 0.5].out",291337,3,6439,257157,449326,450535,449703,64.019455,33190357951,13934692220
"trace_random_size32_time90000000_p[0.8, 0.2].out",120156,0,0,17210,259685,512494,720123,32.008244,155190,515027
"trace_random_size32_time90000_p[0.5, 0.5].out",115610,2,1433,104977,570232,401541,450083,32.062431,8188877852,2414835447
"trace_random_size16_time90000_p[0.5, 0.5].out",42703,0,160,38771,584695,402368,449961,16.752319,883635,672969
"trace_random_size8_time9000_p[0.8, 0.2].out",22768,0,5,27891,546136,283389,719683,11.156419,34020370537,6669581050
"trace_random_size32_time9000000_p[0.5, 0.5].out",234285,0,0,12423,206385,837449,450066,31.999882,155280,528633
"trace_random_size128_time9000000_p[0.5, 0.5].out",1469251,0,0,100338,463686,474962,449483,127.974159,285072,1052473
"trace_random_size64_time90000000_p[0.8, 0.2].out",289061,0,0,7839,199237,561098,719762,63.998981,185631,713336
"trace_random_size16_time900000_p[0.8, 0.2].out",52962,0,0,22907,321185,467377,719129,16.768175,190338,411170
"trace_random_size128_time90000_p[0.5, 0.5].out",608820,208,21107,568831,420228,376383,449576,128.03746,84074900533,51180223353
"trace_random_size32_time9000_p[0.2, 0.8].out",128681,47,5663,167071,679811,432071,180352,32.018375,32767107689,9663904302
"trace_random_size32_time90000000_p[0.2, 0.8].out",348381,0,0,4961,94756,1138347,179552,32.011681,155312,527948
"trace_random_size16_time9000_p[0.8, 0.2].out",39132,0,26,35285,474860,303009,720330,16.781513,38977413708,8802671084
"trace_random_size128_time90000000_p[0.2, 0.8].out",2317930,0,0,174426,655266,416007,180098,127.959946,283591,1057555
"trace_random_size64_time9000000_p[0.8, 0.2].out",288511,0,0,7738,198182,560815,719713,63.988636,185561,712246
"trace_random_size128_time90000000_p[0.8, 0.2].out",603575,0,0,39116,277234,440037,719266,128.005951,285906,1041601
"trace_random_size16_time900000_p[0.5, 0.5].out",68304,0,0,15713,246870,763016,449509,16.786852,168738,423946
"trace_random_size8_time900000_p[0.2, 0.8].out",25206,0,0,4021,118561,956152,181057,11.159227,117919,369793
"trace_random_size32_time900000_p[0.2, 0.8].out",347531,0,0,5483,97921,1135479,179649,32.031864,185313,529026
"trace_random_size32_time9000000_p[0.8, 0.2].out",120161,0,0,16964,260523,511505,720394,32.055885,155298,515257
"trace_random_size8_time90000000_p[0.2, 0.8].out",25417,0,0,3863,115879,959252,180078,11.171837,99648,369687
"trace_random_size8_time90000_p[0.8, 0.2].out",23640,0,0,27384,542624,286828,719791,11.153763,816429189,160089516
"trace_random_size32_time9000_p[0.8, 0.2].out",82943,1,155,47432,404536,344914,719802,32.016197,52061634080,15435680300
"trace_random_size32_time900000_p[0.5, 0.5].out",234508,0,0,12703,207491,834393,450266,32.056561,227291,529250
