filename,Normal_page_read_count,Multi-plane_one_shot_read_count,One_shot_read_count,Multi-plane_read_count,Multi-plane_SOML_read_count,SOML_read_count,Write_request_count,Write_request_average_size,Read_request_average_response_time,Write_request_average_response_time
"trace_seq_size8_time9000000_p[0.8, 0.2].out",50762,0,12,4453,28912,203418,720243,11.18881,79040,126136
"trace_seq_size128_time9000_p[0.5, 0.5].out",110466,304,45239,716033,322143,330066,450186,128.022369,110229771467,48186099427
"trace_seq_size32_time9000_p[0.5, 0.5].out",61819,9,3464,147686,430586,141336,450036,32.029469,31018218912,7480817489
"trace_seq_size64_time900000_p[0.5, 0.5].out",274653,0,0,253126,93228,743607,450143,63.991581,356270,681092
"trace_seq_size16_time9000_p[0.8, 0.2].out",27346,1,280,40182,159433,68826,719914,16.767506,13205018082,1635866465
"trace_seq_size32_time9000000_p[0.2, 0.8].out",265573,1,85,85390,376926,722115,179726,31.975073,169760,495878
"trace_seq_size8_time90000_p[0.5, 0.5].out",54574,1,578,22926,132801,331605,449570,11.195327,220841,270308
"trace_seq_size8_time9000_p[0.2, 0.8].out",13806,1,720,33333,270061,105709,179878,11.185884,3163385379,1088543878
"trace_seq_size128_time900000_p[0.8, 0.2].out",111976,0,0,275673,28427,387217,719521,128.013672,603198,836494
"trace_seq_size128_time90000000_p[0.8, 0.2].out",112713,0,0,273480,28850,387625,720456,127.995102,351692,743202
"trace_seq_size8_time90000_p[0.2, 0.8].out",38429,1,207,17780,150315,500382,180431,11.166788,139272,359185
"trace_seq_size16_time9000000_p[0.8, 0.2].out",76741,0,6,6870,57284,226988,719676,16.785879,103165,186578
"trace_seq_size128_time90000000_p[0.5, 0.5].out",281197,0,0,702936,92044,751206,449896,127.987587,353146,824341
"trace_seq_size128_time90000000_p[0.2, 0.8].out",450352,0,0,1152322,76548,946417,179818,128.003525,354667,884732
"trace_seq_size32_time90000_p[0.2, 0.8].out",140686,1,2063,127749,311890,352987,180356,31.986027,523172,810687
"trace_seq_size64_time9000000_p[0.2, 0.8].out",446255,0,0,431789,74130,952225,179984,64.037712,270387,686206
"trace_seq_size32_time9000_p[0.8, 0.2].out",58134,0,267,66962,199367,100096,719940,32.006836,30340560944,5977504709
"trace_seq_size32_time90000000_p[0.8, 0.2].out",133894,0,14,19486,101680,248399,719749,32.005428,161032,332919
"trace_seq_size128_time90000_p[0.5, 0.5].out",109975,225,45255,716515,323662,330303,449907,127.98674,73672322012,32230722734
"trace_seq_size32_time90000_p[0.8, 0.2].out",69307,0,101,58629,179929,122890,720195,32.037735,952203,494273
"trace_seq_size16_time90000_p[0.8, 0.2].out",62719,0,26,16823,89311,160287,720167,16.79731,441830,245417
"trace_seq_size32_time9000_p[0.2, 0.8].out",62137,11,7038,168686,452546,163927,180480,31.983377,21677661001,6206467326
"trace_seq_size8_time9000000_p[0.5, 0.5].out",67910,0,370,13667,96271,501341,449749,11.149608,84986,189884
"trace_seq_size64_time900000_p[0.8, 0.2].out",109817,0,0,94303,31420,387146,720046,63.989906,375404,596923
"trace_seq_size128_time900000_p[0.5, 0.5].out",273932,0,0,707206,96680,731251,449564,128.003372,542806,872096
"trace_seq_size8_time900000_p[0.5, 0.5].out",67654,0,348,13614,96812,497589,450823,11.155958,97741,191616
"trace_seq_size8_time900000_p[0.8, 0.2].out",50574,0,17,4435,28908,202411,721109,11.161826,91107,125972
"trace_seq_size16_time90000000_p[0.2, 0.8].out",95198,0,145,22399,265128,744209,180143,16.835958,113311,345143
"trace_seq_size8_time90000000_p[0.8, 0.2].out",51036,0,13,4492,29294,204428,719512,11.168679,79097,126162
"trace_seq_size16_time9000_p[0.2, 0.8].out",23631,3,1069,59910,370138,116930,180318,16.769741,7187118740,2181870600
"trace_seq_size128_time9000_p[0.8, 0.2].out",70369,67,1054,292630,120672,269729,719969,128.011856,114315238984,48667920636
"trace_seq_size16_time9000_p[0.5, 0.5].out",30312,7,2452,75467,337015,96470,450719,16.79862,13006473759,2546595081
"trace_seq_size64_time90000000_p[0.5, 0.5].out",276775,0,0,253007,89052,754921,450367,64.023773,265397,632381
"trace_seq_size128_time900000_p[0.2, 0.8].out",442073,0,0,1155272,79581,927521,179873,128.001373,438481,914434
"trace_seq_size8_time9000_p[0.5, 0.5].out",20025,4,1779,46534,260990,81987,449295,11.180559,6537218314,1190330600
"trace_seq_size64_time90000000_p[0.8, 0.2].out",109677,0,0,94584,30118,389252,720069,64.013161,260316,564322
"trace_seq_size32_time90000_p[0.5, 0.5].out",79182,12,2595,142363,386931,181939,449569,32.034508,1281885,878164
"trace_seq_size64_time90000000_p[0.2, 0.8].out",446443,0,0,431244,73754,952784,180286,63.966087,270422,686586
"trace_seq_size32_time9000000_p[0.8, 0.2].out",139364,0,13,19967,101316,242926,719753,32.022396,161111,332823
"trace_seq_size32_time90000000_p[0.2, 0.8].out",266027,1,89,85328,376398,719393,180292,32.07019,169489,494876
"trace_seq_size8_time900000_p[0.2, 0.8].out",47952,0,180,12633,165497,747011,180169,11.166247,99072,277273
"trace_seq_size16_time90000000_p[0.8, 0.2].out",76983,0,11,6789,56718,225816,720215,16.771118,103035,186337
"trace_seq_size16_time900000_p[0.2, 0.8].out",94457,0,155,22311,266833,739906,179279,16.807678,125290,352516
"trace_seq_size8_time90000_p[0.8, 0.2].out",44537,0,32,8869,49027,159701,720238,11.171381,262166,160161
"trace_seq_size8_time90000000_p[0.2, 0.8].out",48188,0,134,12428,165559,750287,180024,11.171506,90978,272877
"trace_seq_size128_time90000_p[0.8, 0.2].out",70692,0,916,293349,121750,269633,719737,128.019592,78407509420,33238256560
"trace_seq_size32_time900000_p[0.2, 0.8].out",263837,0,82,86383,376541,713725,180205,32.019718,191661,514230
"trace_seq_size16_time9000000_p[0.5, 0.5].out",114202,0,354,22005,162160,518947,450299,16.784006,108230,263175
"trace_seq_size32_time900000_p[0.8, 0.2].out",130986,0,9,19429,101692,249052,720319,32.0326,209347,344299
"trace_seq_size64_time9000000_p[0.8, 0.2].out",109957,0,0,94663,30676,390277,719682,63.984432,260517,564130
"trace_seq_size32_time9000000_p[0.5, 0.5].out",231415,0,350,58544,258818,525769,450157,31.999844,165437,420245
"trace_seq_size128_time9000_p[0.2, 0.8].out",110961,2992,211766,959112,255234,289322,180908,127.97789,94109550396,43221551452
"trace_seq_size64_time90000_p[0.5, 0.5].out",113280,4,11547,310650,389876,254677,450567,64.00901,23484065640,8186525302
"trace_seq_size64_time9000_p[0.2, 0.8].out",124847,209,53769,448264,335393,249592,180116,63.964901,47143102653,17112742062
"trace_seq_size16_time9000000_p[0.2, 0.8].out",94326,0,145,22462,265856,743760,180166,16.743074,113228,343233
"trace_seq_size128_time9000000_p[0.5, 0.5].out",281581,0,0,703555,92404,750312,449679,127.998535,353177,824604
"trace_seq_size8_time90000000_p[0.5, 0.5].out",67807,0,322,13695,97082,501335,449248,11.161341,85060,190138
"trace_seq_size16_time900000_p[0.8, 0.2].out",77052,0,5,6808,56878,225847,719783,16.774063,123409,187878
"trace_seq_size32_time90000000_p[0.5, 0.5].out",229381,0,328,58563,259532,529204,449838,32.041325,165579,420917
"trace_seq_size64_time9000_p[0.8, 0.2].out",73583,2,209,117888,171518,205795,719266,63.977139,59658023800,19715815614
"trace_seq_size64_time90000_p[0.2, 0.8].out",132058,178,52368,446954,332036,254023,180337,64.032143,11156040894,4073368547
"trace_seq_size64_time9000000_p[0.5, 0.5].out",277630,0,0,252919,88832,756618,449697,64.007889,265380,632840
"trace_seq_size16_time90000_p[0.5, 0.5].out",80375,1,732,42858,204480,300887,450037,16.79772,370220,401538
"trace_seq_size16_time90000_p[0.2, 0.8].out",65806,1,232,34844,203790,456361,180357,16.78104,214490,571213
"trace_seq_size128_time90000_p[0.2, 0.8].out",110812,3268,213728,957912,253934,289775,179721,128.021088,57462737014,25996505924
"trace_seq_size128_time9000000_p[0.2, 0.8].out",450475,0,0,1153434,76010,947551,179340,128.004898,354750,884773
"trace_seq_size8_time9000000_p[0.2, 0.8].out",48115,0,148,12434,164395,750111,179939,11.169279,90957,271705
"trace_seq_size32_time900000_p[0.5, 0.5].out",230114,0,349,59421,259114,520229,450345,32.056465,208534,446338
"trace_seq_size64_time90000_p[0.8, 0.2].out",73545,0,59,117105,170569,206893,720168,64.058479,23627872632,7799007098
"trace_seq_size64_time9000_p[0.5, 0.5].out",111052,18,11754,312170,393757,252854,449503,64.058327,59701037240,20747854446
"trace_seq_size16_time90000000_p[0.5, 0.5].out",114197,0,365,22049,161926,519017,449732,16.800346,108180,263183
"trace_seq_size128_time9000000_p[0.8, 0.2].out",112679,0,0,275432,29236,389495,719530,128.043121,351347,743060
"trace_seq_size64_time900000_p[0.2, 0.8].out",444042,0,0,430917,75694,940981,180132,63.986042,312196,715840
"trace_seq_size16_time900000_p[0.5, 0.5].out",113637,0,394,21843,161778,514626,450375,16.770916,129599,269516
"trace_seq_size8_time9000_p[0.8, 0.2].out",19185,0,251,27916,124437,52823,719325,11.161126,6807065946,657936464
