filename,Normal_page_read_count,Multi-plane_one_shot_read_count,One_shot_read_count,Multi-plane_read_count,Multi-plane_SOML_read_count,SOML_read_count,Write_request_count,Write_request_average_size,Read_request_average_response_time,Write_request_average_response_time
"trace_seq_size8_time9000000_p[0.8, 0.2].out",25062,0,569,18800,59480,168187,720243,11.18881,79684,131433
"trace_seq_size128_time9000_p[0.5, 0.5].out",170949,1269,79990,627630,215837,431035,450186,128.020264,116115231500,75519845708
"trace_seq_size32_time9000_p[0.5, 0.5].out",58931,38,6515,139553,434468,148045,450036,32.029274,31991879737,7895888946
"trace_seq_size64_time900000_p[0.5, 0.5].out",110385,0,126,360092,171906,613850,450143,63.991653,368775,720344
"trace_seq_size16_time9000_p[0.8, 0.2].out",23949,3,1068,37838,153864,79348,719914,16.767332,13465187470,1671768417
"trace_seq_size32_time9000000_p[0.2, 0.8].out",183018,0,679,148038,641852,412672,179726,31.975073,179009,556805
"trace_seq_size8_time90000_p[0.5, 0.5].out",21235,0,3069,38956,188770,264587,449570,11.195336,209305,215060
"trace_seq_size8_time9000_p[0.2, 0.8].out",8331,23,1209,32819,311462,66240,179878,11.185821,3229361529,1135092204
"trace_seq_size128_time900000_p[0.8, 0.2].out",83449,0,2665,292181,42430,359441,719521,128.013794,642967,1046677
"trace_seq_size128_time90000000_p[0.8, 0.2].out",83642,0,2510,290852,41964,361308,720456,127.995102,490299,1045690
"trace_seq_size8_time90000_p[0.2, 0.8].out",17694,2,1326,28536,223750,415950,180431,11.166521,134008,322028
"trace_seq_size16_time9000000_p[0.8, 0.2].out",37896,0,911,26998,114989,165161,719676,16.785879,104991,193805
"trace_seq_size128_time90000000_p[0.5, 0.5].out",212323,0,8228,739777,109932,703828,449896,127.987587,497267,1133740
"trace_seq_size128_time90000000_p[0.2, 0.8].out",341094,0,16101,1203795,107726,873247,179818,128.003525,503860,1222617
"trace_seq_size32_time90000_p[0.2, 0.8].out",79437,8,5225,154307,413380,231956,180356,31.986225,557065,703384
"trace_seq_size64_time9000000_p[0.2, 0.8].out",170627,0,0,598648,185170,783095,179984,64.037712,309014,817057
"trace_seq_size32_time9000_p[0.8, 0.2].out",49701,6,1508,67635,202288,99893,719940,32.006542,31149824105,6126187731
"trace_seq_size32_time90000000_p[0.8, 0.2].out",77806,0,829,50448,203336,138463,719749,32.005428,168614,342241
"trace_seq_size128_time90000_p[0.5, 0.5].out",170972,1245,79364,628639,217113,431462,449907,127.986626,79634744558,51890338494
"trace_seq_size32_time90000_p[0.8, 0.2].out",58020,0,1202,60993,195959,109767,720195,32.038776,863893,421052
"trace_seq_size16_time90000_p[0.8, 0.2].out",34812,0,918,28836,118935,130981,720167,16.797657,427685,195998
"trace_seq_size32_time9000_p[0.2, 0.8].out",52714,87,9340,165749,479942,151113,180480,31.983322,22921924597,6792251990
"trace_seq_size8_time9000000_p[0.5, 0.5].out",26036,0,3088,36081,185228,401281,449749,11.149608,85820,209984
"trace_seq_size64_time900000_p[0.8, 0.2].out",45954,0,12,138563,69350,324150,720046,63.989941,370759,605225
"trace_seq_size128_time900000_p[0.5, 0.5].out",210838,0,9827,736825,110144,687442,449564,128.00209,621244,1138931
"trace_seq_size8_time900000_p[0.5, 0.5].out",25992,0,2974,36130,185501,397496,450823,11.155959,103794,209390
"trace_seq_size8_time900000_p[0.8, 0.2].out",24795,0,632,18823,59331,167119,721109,11.161793,94761,130969
"trace_seq_size16_time90000000_p[0.2, 0.8].out",57926,0,1207,43295,458840,542786,180143,16.835958,115707,391949
"trace_seq_size8_time90000000_p[0.8, 0.2].out",24675,0,651,19064,60436,168592,719512,11.168679,79755,131448
"trace_seq_size16_time9000_p[0.2, 0.8].out",15814,33,1914,57884,403331,92354,180318,16.769463,7557360063,2349393844
"trace_seq_size128_time9000_p[0.8, 0.2].out",76705,75,13778,275482,82476,294042,719969,128.009201,119710747772,75843415560
"trace_seq_size16_time9000_p[0.5, 0.5].out",23817,76,4003,68857,353535,94145,450719,16.798626,13124614685,2591618149
"trace_seq_size64_time90000000_p[0.5, 0.5].out",110663,0,0,360715,173366,621305,450367,64.023773,301995,720006
"trace_seq_size128_time900000_p[0.2, 0.8].out",340006,0,18815,1196568,107776,857081,179873,128.001373,564525,1229431
"trace_seq_size8_time9000_p[0.5, 0.5].out",13593,48,2547,44966,283908,64460,449295,11.180854,6372390960,1168596363
"trace_seq_size64_time90000000_p[0.8, 0.2].out",45378,0,0,139185,68762,325705,720069,64.013161,294905,605358
"trace_seq_size32_time90000_p[0.5, 0.5].out",64121,46,6284,141485,415687,157702,449569,32.035095,2171396,1183796
"trace_seq_size64_time90000000_p[0.2, 0.8].out",170537,0,0,598660,184232,783380,180286,63.966087,309167,816461
"trace_seq_size32_time9000000_p[0.8, 0.2].out",79951,0,928,52410,200904,135122,719753,32.022396,168733,342250
"trace_seq_size32_time90000000_p[0.2, 0.8].out",183786,0,687,147535,640124,411711,180292,32.07019,178694,555840
"trace_seq_size8_time900000_p[0.2, 0.8].out",23705,2,1287,26547,288623,617083,180169,11.166282,103313,310529
"trace_seq_size16_time90000000_p[0.8, 0.2].out",37717,0,851,27107,113950,164699,720215,16.771118,104790,193412
"trace_seq_size16_time900000_p[0.2, 0.8].out",57175,0,1217,43242,459619,539492,179279,16.807732,131689,391078
"trace_seq_size8_time90000_p[0.8, 0.2].out",23730,0,648,19524,69432,135763,720238,11.171214,261932,131944
"trace_seq_size8_time90000000_p[0.2, 0.8].out",23750,0,1311,26433,288190,620558,180024,11.171506,91982,310521
"trace_seq_size128_time90000_p[0.8, 0.2].out",76683,46,13819,275952,82786,294568,719737,128.020615,83840271293,52843153622
"trace_seq_size32_time900000_p[0.2, 0.8].out",181261,0,672,148557,636762,409887,180205,32.019688,203992,556986
"trace_seq_size16_time9000000_p[0.5, 0.5].out",52329,0,3852,51863,301913,370862,450299,16.784006,110334,290106
"trace_seq_size32_time900000_p[0.8, 0.2].out",75743,0,809,50093,203912,138397,720319,32.032658,210064,341974
"trace_seq_size64_time9000000_p[0.8, 0.2].out",46262,0,0,138882,69612,326597,719682,63.984432,294984,605476
"trace_seq_size32_time9000000_p[0.5, 0.5].out",142617,0,2658,111666,464928,295291,450157,31.999844,173909,457111
"trace_seq_size128_time9000_p[0.2, 0.8].out",206783,8986,204193,891277,206188,364015,180908,127.97789,97336321140,65675883698
"trace_seq_size64_time90000_p[0.5, 0.5].out",84054,67,17631,327247,283544,336295,450567,64.009254,25729359874,10190579794
"trace_seq_size64_time9000_p[0.2, 0.8].out",110113,1130,60626,466129,251278,295763,180116,63.965145,49547597309,21228042213
"trace_seq_size16_time9000000_p[0.2, 0.8].out",57334,0,1207,43217,459176,542741,180166,16.743074,115632,390301
"trace_seq_size128_time9000000_p[0.5, 0.5].out",210949,0,8298,741349,110482,702383,449679,127.998535,497335,1135183
"trace_seq_size8_time90000000_p[0.5, 0.5].out",25894,0,3165,35962,185688,401583,449248,11.161341,85875,210307
"trace_seq_size16_time900000_p[0.8, 0.2].out",37382,0,939,27236,114124,164645,719783,16.774124,127197,193606
"trace_seq_size32_time90000000_p[0.5, 0.5].out",141589,1,2681,111359,467657,296216,449838,32.041325,174114,457877
"trace_seq_size64_time9000_p[0.8, 0.2].out",40123,15,1926,137606,123520,241862,719266,63.977154,61618449716,21947564208
"trace_seq_size64_time90000_p[0.2, 0.8].out",111865,1022,58705,468854,250039,296639,180337,64.032181,13460252686,5797962670
"trace_seq_size64_time9000000_p[0.5, 0.5].out",110611,0,0,360921,173808,622659,449697,64.007889,302040,719322
"trace_seq_size16_time90000_p[0.5, 0.5].out",37284,0,3881,58749,272072,229491,450037,16.797966,345139,304230
"trace_seq_size16_time90000_p[0.2, 0.8].out",35650,0,1438,47587,296577,350247,180357,16.78093,200941,422390
"trace_seq_size128_time90000_p[0.2, 0.8].out",206614,8962,205741,891094,205760,365090,179721,128.020782,60748247748,41202396197
"trace_seq_size128_time9000000_p[0.2, 0.8].out",342472,0,16291,1204286,107670,873317,179340,128.004898,503878,1222739
"trace_seq_size8_time9000000_p[0.2, 0.8].out",23980,1,1377,26184,286416,621031,179939,11.169279,91964,309461
"trace_seq_size32_time900000_p[0.5, 0.5].out",141904,0,2780,111664,461716,293912,450345,32.056465,218300,457907
"trace_seq_size64_time90000_p[0.8, 0.2].out",39933,3,1827,137235,121899,242625,720168,64.059868,25552709512,9103214200
"trace_seq_size64_time9000_p[0.5, 0.5].out",83009,111,18003,327964,285694,335869,449503,64.058968,61892436579,24479438777
"trace_seq_size16_time90000000_p[0.5, 0.5].out",52194,0,3951,51869,301832,370715,449732,16.800346,110250,290136
"trace_seq_size128_time9000000_p[0.8, 0.2].out",84172,0,2522,292432,42900,362773,719530,128.043121,490017,1046224
"trace_seq_size64_time900000_p[0.2, 0.8].out",170836,0,164,597073,183940,772012,180132,63.986115,344347,818954
"trace_seq_size16_time900000_p[0.5, 0.5].out",51474,0,3798,52052,300265,367882,450375,16.771269,136186,289550
"trace_seq_size8_time9000_p[0.8, 0.2].out",15977,2,696,27016,119566,60726,719325,11.160761,6884759604,667215106
