filename,Normal_page_read_count,Multi-plane_one_shot_read_count,One_shot_read_count,Multi-plane_read_count,Multi-plane_SOML_read_count,SOML_read_count,Write_request_count,Write_request_average_size,Read_request_average_response_time,Write_request_average_response_time
"trace_random_size128_time9000000_p[0.8, 0.2].out",438715,0,438,117383,68176,653123,719737,128.008774,378100,1341482
"trace_random_size64_time9000_p[0.8, 0.2].out",154332,11,695,103471,294887,405343,720106,63.9977,78910944080,38733749927
"trace_random_size8_time9000_p[0.2, 0.8].out",12354,2,107,16308,710562,351377,179519,11.167785,18093129355,3711103165
"trace_random_size16_time900000_p[0.2, 0.8].out",84723,0,0,5348,141192,1011202,180108,16.774256,137846,405851
"trace_random_size32_time9000000_p[0.2, 0.8].out",330173,0,0,22792,136050,1078718,180970,32.027451,167203,542140
"trace_random_size8_time900000_p[0.5, 0.5].out",33719,0,0,5949,210839,783370,450001,11.166132,132673,361500
"trace_random_size32_time9000_p[0.5, 0.5].out",96308,14,2177,120495,618356,339471,449913,32.030716,42138915550,13684484629
"trace_random_size128_time9000000_p[0.2, 0.8].out",2053772,0,839,272432,165783,973794,179717,128.004257,333675,1358148
"trace_random_size8_time90000_p[0.5, 0.5].out",22785,0,31,15976,514717,469476,450113,11.167694,686676,570199
"trace_random_size64_time9000000_p[0.2, 0.8].out",930147,0,0,93037,79163,1108349,180070,64.042892,218030,817758
"trace_random_size64_time9000000_p[0.5, 0.5].out",541527,0,0,96580,86130,903028,450214,63.985874,230074,818955
"trace_random_size8_time9000000_p[0.8, 0.2].out",43304,0,0,9313,239145,606419,719835,11.167713,102989,356462
"trace_random_size128_time90000_p[0.2, 0.8].out",511841,6971,69490,1042599,419193,471201,180091,128.023285,65192081511,53666838738
"trace_random_size64_time90000_p[0.8, 0.2].out",155374,0,582,102443,294191,406680,720381,64.035835,42701622107,21005133365
"trace_random_size16_time9000000_p[0.8, 0.2].out",67745,0,0,10430,203434,594116,719346,16.759941,124140,407431
"trace_random_size16_time90000000_p[0.8, 0.2].out",67859,0,0,10402,204019,594066,720102,16.768063,124559,407632
"trace_random_size64_time90000000_p[0.2, 0.8].out",930838,0,0,92930,79309,1110091,179127,64.029213,218055,818775
"trace_random_size32_time90000_p[0.8, 0.2].out",77129,0,64,53403,410581,333201,719398,31.988142,15056055362,4890768316
"trace_random_size128_time900000_p[0.8, 0.2].out",441043,0,358,116159,72181,650011,719998,128.054962,763154,1441650
"trace_random_size8_time900000_p[0.8, 0.2].out",43890,0,0,9021,240159,605430,719842,11.171976,147467,356470
"trace_random_size8_time9000000_p[0.5, 0.5].out",33492,0,0,5817,209410,784770,449311,11.164676,102985,361040
"trace_random_size128_time900000_p[0.2, 0.8].out",2047041,0,837,277105,165238,972200,179527,127.967735,441285,1390671
"trace_random_size32_time90000000_p[0.5, 0.5].out",222308,0,0,25041,186812,842007,450495,32.001141,170398,546691
"trace_random_size8_time90000000_p[0.8, 0.2].out",43192,0,0,9316,239420,606185,720237,11.162965,103024,356344
"trace_random_size64_time90000_p[0.2, 0.8].out",250810,951,21453,498837,592922,391792,180391,64.065224,18279132938,9009427028
"trace_random_size128_time90000000_p[0.5, 0.5].out",1163947,0,950,239715,119223,843956,449211,128.014008,359002,1355383
"trace_random_size8_time90000_p[0.2, 0.8].out",23141,0,9,6038,295114,777823,179438,11.197778,342150,475581
"trace_random_size128_time90000_p[0.8, 0.2].out",306933,18,5097,201657,210363,459382,720085,128.002029,98463178259,81362424698
"trace_random_size64_time900000_p[0.2, 0.8].out",927259,0,0,93844,80068,1107857,180367,63.998211,266878,821110
"trace_random_size16_time9000000_p[0.5, 0.5].out",75712,0,0,8912,203282,810520,449979,16.772581,123866,415068
"trace_random_size64_time9000_p[0.2, 0.8].out",243667,1121,22250,501766,597200,386101,180257,63.976257,54571927610,26881242867
"trace_random_size64_time90000000_p[0.5, 0.5].out",540846,0,0,96398,85478,903187,450614,63.96666,230032,818680
"trace_random_size16_time90000000_p[0.2, 0.8].out",84501,0,0,5261,139938,1012015,179411,16.766605,123192,404848
"trace_random_size64_time900000_p[0.5, 0.5].out",542717,0,0,96257,86657,902647,450034,63.97998,343120,827311
"trace_random_size64_time9000_p[0.5, 0.5].out",233061,143,8969,293316,467267,408004,450330,64.012634,68091924349,33460388604
"trace_random_size16_time9000000_p[0.2, 0.8].out",83651,0,0,5266,141030,1012745,179335,16.777813,123245,405940
"trace_random_size16_time90000_p[0.8, 0.2].out",39824,0,11,34892,477104,300461,719890,16.768024,2770393045,670442284
"trace_random_size16_time9000_p[0.2, 0.8].out",35324,14,676,48805,752066,358757,180205,16.759613,22327037588,5378758550
"trace_random_size64_time900000_p[0.8, 0.2].out",224095,0,0,50470,77133,662050,719920,64.014328,404350,820674
"trace_random_size16_time90000_p[0.2, 0.8].out",67519,3,175,20502,369258,768586,179942,16.785252,462131,587613
"trace_random_size128_time900000_p[0.5, 0.5].out",1159020,0,937,241208,122615,840040,449898,128.009674,617404,1427408
"trace_random_size8_time9000_p[0.5, 0.5].out",14890,0,64,23143,705781,272796,450114,11.176903,25328998300,5219175766
"trace_random_size128_time9000_p[0.8, 0.2].out",303798,120,5213,202382,210640,457820,720309,128.020706,135147977266,111231701046
"trace_random_size8_time90000000_p[0.5, 0.5].out",33694,0,0,5886,209253,784388,449988,11.174069,103066,361663
"trace_random_size128_time9000_p[0.2, 0.8].out",514009,6790,68518,1042611,419124,470733,180770,128.018021,101733504053,83719750255
"trace_random_size32_time90000_p[0.2, 0.8].out",152464,196,3453,151425,626707,498663,180399,32.01899,1041342,961934
"trace_random_size128_time9000_p[0.5, 0.5].out",488166,1425,29792,605203,331772,479276,449809,128.036804,120409106112,98948990834
"trace_random_size32_time900000_p[0.8, 0.2].out",122763,0,0,16000,174587,596676,720394,32.032841,252646,538516
"trace_random_size16_time9000_p[0.5, 0.5].out",33504,3,303,46238,684704,295628,450960,16.778088,29977897344,7236793110
"trace_random_size16_time90000000_p[0.5, 0.5].out",75056,0,0,8800,202787,812259,450231,16.765198,123793,414623
"trace_random_size8_time9000000_p[0.2, 0.8].out",27119,0,0,2261,130090,946604,179933,11.163061,102825,348043
"trace_random_size64_time90000_p[0.5, 0.5].out",237903,86,8576,291414,466491,411359,449703,64.02066,31873518892,15670628023
"trace_random_size32_time90000000_p[0.8, 0.2].out",122189,0,0,16299,176110,595796,720123,32.008244,172484,537834
"trace_random_size32_time90000_p[0.5, 0.5].out",99955,12,1953,118578,611287,347274,450083,32.061806,6621003829,2143879785
"trace_random_size16_time90000_p[0.5, 0.5].out",43620,0,201,37995,582438,405036,449961,16.751795,879403,699006
"trace_random_size8_time9000_p[0.8, 0.2].out",24545,0,1,26503,542862,287462,719683,11.156172,32792508750,6771163852
"trace_random_size32_time9000000_p[0.5, 0.5].out",222082,0,0,25071,186150,844534,450066,31.999882,170383,547155
"trace_random_size128_time9000000_p[0.5, 0.5].out",1163655,0,882,239415,120126,843300,449483,127.974159,359051,1355079
"trace_random_size64_time90000000_p[0.8, 0.2].out",224251,0,0,50923,76576,662383,719762,63.998981,238838,808235
"trace_random_size16_time900000_p[0.8, 0.2].out",67655,0,0,10173,203991,595233,719129,16.767559,177360,407590
"trace_random_size128_time90000_p[0.5, 0.5].out",489357,1513,29849,604758,330435,479705,449576,128.040146,83865164629,68978333966
"trace_random_size32_time9000_p[0.2, 0.8].out",110155,162,4671,183658,736733,362735,180352,32.0186,32594573056,10524096008
"trace_random_size32_time90000000_p[0.2, 0.8].out",330006,0,0,23114,135171,1079947,179552,32.011681,167052,542516
"trace_random_size16_time9000_p[0.8, 0.2].out",39577,0,13,35055,478455,299370,720330,16.781309,37708700830,9118874651
"trace_random_size128_time90000000_p[0.2, 0.8].out",2051844,0,716,273031,164248,973741,180098,127.959946,333460,1357495
"trace_random_size64_time9000000_p[0.8, 0.2].out",224289,0,0,50483,76736,660980,719713,63.988636,238526,807575
"trace_random_size128_time90000000_p[0.8, 0.2].out",438839,0,539,117876,69054,653803,719266,128.005951,378568,1341577
"trace_random_size16_time900000_p[0.5, 0.5].out",75992,0,0,9124,203364,811926,449509,16.787487,159617,415477
"trace_random_size8_time900000_p[0.2, 0.8].out",26993,0,0,2403,131457,944576,181057,11.158977,115027,347781
"trace_random_size32_time900000_p[0.2, 0.8].out",329721,0,0,23125,137445,1078442,179649,32.031216,190408,542795
"trace_random_size32_time9000000_p[0.8, 0.2].out",122461,0,0,15872,174640,597221,720394,32.055885,172669,537991
"trace_random_size8_time90000000_p[0.2, 0.8].out",27221,0,0,2221,130300,946196,180078,11.171837,102878,348414
"trace_random_size8_time90000_p[0.8, 0.2].out",26276,0,1,25254,530950,299884,719791,11.153581,343110170,71182291
"trace_random_size32_time9000_p[0.8, 0.2].out",76870,0,94,53593,413311,330016,719802,32.015968,50625690290,16475809050
"trace_random_size32_time900000_p[0.5, 0.5].out",222344,0,0,25287,186340,842488,450266,32.057449,225311,547879
