filename,Normal_page_read_count,Multi-plane_one_shot_read_count,One_shot_read_count,Multi-plane_read_count,Multi-plane_SOML_read_count,SOML_read_count,Write_request_count,Write_request_average_size,Read_request_average_response_time,Write_request_average_response_time
"trace_random_size128_time9000000_p[0.8, 0.2].out",129055,0,1882,287181,142085,544965,719737,128.008774,508896,1156474
"trace_random_size64_time9000_p[0.8, 0.2].out",81596,17,821,145824,322844,365040,720106,63.9977,84304750366,37771684069
"trace_random_size8_time9000_p[0.2, 0.8].out",11264,1,127,17222,752123,309160,179519,11.167738,16798097217,3306890358
"trace_random_size16_time900000_p[0.2, 0.8].out",68650,0,0,20759,556543,581175,180108,16.774429,147006,422942
"trace_random_size32_time9000000_p[0.2, 0.8].out",226414,0,0,123538,605643,511439,180970,32.027451,196335,543772
"trace_random_size8_time900000_p[0.5, 0.5].out",24553,0,0,14182,438834,548252,450001,11.166112,144966,386603
"trace_random_size32_time9000_p[0.5, 0.5].out",89258,22,1423,133902,651660,288673,449913,32.031467,44759825658,13697584031
"trace_random_size128_time9000000_p[0.2, 0.8].out",384232,0,7989,1180586,97853,873525,179717,128.004257,505333,1174887
"trace_random_size8_time90000_p[0.5, 0.5].out",17867,0,20,20352,623297,357286,450113,11.167768,629361,518344
"trace_random_size64_time9000000_p[0.2, 0.8].out",253853,0,0,536060,188112,789665,180070,64.042892,313351,775566
"trace_random_size64_time9000000_p[0.5, 0.5].out",196128,0,0,322697,242037,640308,450214,63.985874,315643,772639
"trace_random_size8_time9000000_p[0.8, 0.2].out",28930,0,0,22002,456217,378546,719835,11.167713,107828,377691
"trace_random_size128_time90000_p[0.2, 0.8].out",166781,8227,99904,1153963,455450,458529,180091,128.023163,69567935576,48324519560
"trace_random_size64_time90000_p[0.8, 0.2].out",82520,2,659,145210,321478,366504,720381,64.036285,48076747769,21623149349
"trace_random_size16_time9000000_p[0.8, 0.2].out",49388,0,0,26499,419391,364498,719346,16.759941,133116,418282
"trace_random_size16_time90000000_p[0.8, 0.2].out",49631,0,0,26336,420624,363938,720102,16.768063,133602,418539
"trace_random_size64_time90000000_p[0.2, 0.8].out",253315,0,0,536968,187879,790983,179127,64.029213,313410,776342
"trace_random_size32_time90000_p[0.8, 0.2].out",69050,0,63,62041,457396,277244,719398,31.988142,18127770804,5550099763
"trace_random_size128_time900000_p[0.8, 0.2].out",127626,0,2132,287298,143260,544773,719998,128.049194,719810,1211768
"trace_random_size8_time900000_p[0.8, 0.2].out",29098,0,0,22043,455880,378663,719842,11.172153,161987,377950
"trace_random_size8_time9000000_p[0.5, 0.5].out",24425,0,0,14004,439141,547893,449311,11.164676,107749,385776
"trace_random_size128_time900000_p[0.2, 0.8].out",383328,2,8683,1180605,100414,870205,179527,127.967606,561388,1188461
"trace_random_size32_time90000000_p[0.5, 0.5].out",164292,0,0,80609,514492,461261,450495,32.001141,198197,544814
"trace_random_size8_time90000000_p[0.8, 0.2].out",28992,0,0,21894,455492,379366,720237,11.162965,107906,377454
"trace_random_size64_time90000_p[0.2, 0.8].out",105513,994,24127,587802,548873,394951,180391,64.06443,21129770935,9517604984
"trace_random_size128_time90000000_p[0.5, 0.5].out",273665,0,4879,725381,141064,729294,449211,128.014008,507174,1170229
"trace_random_size8_time90000_p[0.2, 0.8].out",18852,0,6,10072,520085,549201,179438,11.197726,322186,418946
"trace_random_size128_time90000_p[0.8, 0.2].out",105847,52,6322,297559,231594,443571,720085,128.002029,108984720853,75880843337
"trace_random_size64_time900000_p[0.2, 0.8].out",253069,0,29,535878,189574,788410,180367,63.998028,342231,776091
"trace_random_size16_time9000000_p[0.5, 0.5].out",58936,0,0,24123,495561,504694,449979,16.772581,132607,430703
"trace_random_size64_time9000_p[0.2, 0.8].out",104357,1070,24251,587906,551245,393401,180257,63.976776,57475779663,25831087060
"trace_random_size64_time90000000_p[0.5, 0.5].out",196535,0,0,322045,241252,640458,450614,63.96666,315542,772701
"trace_random_size16_time90000000_p[0.2, 0.8].out",68437,0,0,20742,554951,582162,179411,16.766605,131315,422839
"trace_random_size64_time900000_p[0.5, 0.5].out",195383,0,35,323665,241658,640095,450034,63.980072,384819,774169
"trace_random_size64_time9000_p[0.5, 0.5].out",120380,135,6551,363676,449147,405425,450330,64.012421,72183529179,32402037985
"trace_random_size16_time9000000_p[0.2, 0.8].out",67865,0,0,20470,557411,581827,179335,16.777813,131352,424240
"trace_random_size16_time90000_p[0.8, 0.2].out",36868,0,7,37074,512131,264141,719890,16.768465,4634660211,1068442613
"trace_random_size16_time9000_p[0.2, 0.8].out",32011,20,756,52336,827828,279050,180205,16.759563,21493936834,4928882475
"trace_random_size64_time900000_p[0.8, 0.2].out",104689,0,7,129703,230173,469954,719920,64.013199,419814,760480
"trace_random_size16_time90000_p[0.2, 0.8].out",53443,1,155,34183,672333,452353,179942,16.785261,421941,503680
"trace_random_size128_time900000_p[0.5, 0.5].out",270147,1,5591,724726,143501,727039,449898,128.013382,644827,1205513
"trace_random_size8_time9000_p[0.5, 0.5].out",14603,0,59,23142,697028,282022,450114,11.177135,26729768004,5296928277
"trace_random_size128_time9000_p[0.8, 0.2].out",105771,110,6330,296881,230692,443519,720309,128.025604,145699957806,101102073671
"trace_random_size8_time90000000_p[0.5, 0.5].out",24335,0,0,14218,437017,549504,449988,11.174069,107756,385940
"trace_random_size128_time9000_p[0.2, 0.8].out",166087,8271,100257,1151903,456197,458946,180770,128.019028,106045554825,73436368842
"trace_random_size32_time90000_p[0.2, 0.8].out",103797,76,3853,203793,773918,294943,180399,32.019691,975030,1175297
"trace_random_size128_time9000_p[0.5, 0.5].out",180874,1343,35524,737652,340511,496248,449809,128.037735,127361710218,88269711285
"trace_random_size32_time900000_p[0.8, 0.2].out",93922,0,1,42799,387266,359284,720394,32.033779,266549,532107
"trace_random_size16_time9000_p[0.5, 0.5].out",34230,2,249,45747,700134,280726,450960,16.778177,31796116213,7318918106
"trace_random_size16_time90000000_p[0.5, 0.5].out",58055,0,0,24266,496853,504361,450231,16.765198,132570,429986
"trace_random_size8_time9000000_p[0.2, 0.8].out",22598,0,0,6527,400122,672684,179933,11.163061,106998,372473
"trace_random_size64_time90000_p[0.5, 0.5].out",120230,68,6406,364919,449417,405743,449703,64.019348,35790492326,16065666188
"trace_random_size32_time90000000_p[0.8, 0.2].out",94015,0,0,42458,387397,360422,720123,32.008244,199332,531986
"trace_random_size32_time90000_p[0.5, 0.5].out",89954,3,1172,134168,651324,288505,450083,32.062634,9170648342,2800545594
"trace_random_size16_time90000_p[0.5, 0.5].out",37411,0,151,43615,681710,300980,449961,16.751671,916404,845134
"trace_random_size8_time9000_p[0.8, 0.2].out",22142,0,3,28285,567726,261652,719683,11.15601,34543808983,6854687210
"trace_random_size32_time9000000_p[0.5, 0.5].out",164957,0,0,79786,517010,461425,450066,31.999882,198239,545012
"trace_random_size128_time9000000_p[0.5, 0.5].out",274049,0,4904,724533,140291,730458,449483,127.974159,507062,1170924
"trace_random_size64_time90000000_p[0.8, 0.2].out",105339,0,0,129767,230949,469247,719762,63.998981,317278,759189
"trace_random_size16_time900000_p[0.8, 0.2].out",49139,0,0,26410,420673,364715,719129,16.768288,187569,418390
"trace_random_size128_time90000_p[0.5, 0.5].out",180622,1247,35688,738467,339458,496102,449576,128.038589,90890780812,62966147458
"trace_random_size32_time9000_p[0.2, 0.8].out",87540,143,5271,214585,794719,263874,180352,32.017906,33378085507,10175881466
"trace_random_size32_time90000000_p[0.2, 0.8].out",225857,0,0,124187,608748,508424,179552,32.011681,196162,544061
"trace_random_size16_time9000_p[0.8, 0.2].out",36791,0,24,37317,513134,263012,720330,16.781548,39741994551,9153269271
"trace_random_size128_time90000000_p[0.2, 0.8].out",383810,0,7651,1180757,97395,872385,180098,127.959946,505099,1173865
"trace_random_size64_time9000000_p[0.8, 0.2].out",105202,0,0,129311,229664,469496,719713,63.988636,317221,758516
"trace_random_size128_time90000000_p[0.8, 0.2].out",128546,0,1948,288067,142527,546029,719266,128.005951,508427,1156852
"trace_random_size16_time900000_p[0.5, 0.5].out",59259,0,0,24335,498347,503330,449509,16.787197,169950,430956
"trace_random_size8_time900000_p[0.2, 0.8].out",22529,0,0,6578,400996,671285,181057,11.15909,121921,372303
"trace_random_size32_time900000_p[0.2, 0.8].out",225894,0,1,123800,609746,508655,179649,32.031483,215020,545120
"trace_random_size32_time9000000_p[0.8, 0.2].out",93403,0,0,42864,387749,359240,720394,32.055885,199360,531694
"trace_random_size8_time90000000_p[0.2, 0.8].out",22578,0,0,6588,400914,671612,180078,11.171837,107016,372839
"trace_random_size8_time90000_p[0.8, 0.2].out",22874,0,3,27905,565665,263505,719791,11.153831,1198337135,237834950
"trace_random_size32_time9000_p[0.8, 0.2].out",68089,0,139,62605,456795,277215,719802,32.016197,53630849574,16457477008
"trace_random_size32_time900000_p[0.5, 0.5].out",164537,0,0,80727,515309,460498,450266,32.057003,244257,546002
