filename,Normal_page_read_count,Multi-plane_one_shot_read_count,One_shot_read_count,Multi-plane_read_count,Multi-plane_SOML_read_count,SOML_read_count,Write_request_count,Write_request_average_size,Read_request_average_response_time,Write_request_average_response_time
"trace_random_size128_time9000000_p[0.8, 0.2].out",619749,0,0,22335,207379,524316,719737,128.008774,291063,1041092
"trace_random_size64_time9000_p[0.8, 0.2].out",189568,16,521,80399,312112,399554,720106,63.997528,80046261650,33471000230
"trace_random_size8_time9000_p[0.2, 0.8].out",12347,0,139,16263,667418,394666,179519,11.16766,16806462073,3268737138
"trace_random_size16_time900000_p[0.2, 0.8].out",83808,0,0,5947,109938,1042242,180108,16.77463,139272,416147
"trace_random_size32_time9000000_p[0.2, 0.8].out",348198,0,0,4944,95181,1137298,180970,32.027451,155339,527566
"trace_random_size8_time900000_p[0.5, 0.5].out",26571,0,0,12493,284907,703533,450001,11.166186,144768,382150
"trace_random_size32_time9000_p[0.5, 0.5].out",114285,6,1779,105096,575962,395984,449913,32.032013,43781534907,12952878699
"trace_random_size128_time9000000_p[0.2, 0.8].out",2426129,0,0,69644,283550,891782,179717,128.004257,292077,1058297
"trace_random_size8_time90000_p[0.5, 0.5].out",19294,0,17,19192,543561,437925,450113,11.167822,666010,473692
"trace_random_size64_time9000000_p[0.2, 0.8].out",1057878,0,0,2507,76081,1164779,180070,64.042892,185500,730230
"trace_random_size64_time9000000_p[0.5, 0.5].out",673761,0,0,5809,160562,877923,450214,63.985874,185549,726870
"trace_random_size8_time9000000_p[0.8, 0.2].out",30122,0,0,21197,394224,440963,719835,11.167713,99474,373461
"trace_random_size128_time90000_p[0.2, 0.8].out",741856,1251,68135,921442,409130,531985,180091,128.021103,66653932655,40599448654
"trace_random_size64_time90000_p[0.8, 0.2].out",191510,0,309,79269,310273,401663,720381,64.036179,43821335345,18367042127
"trace_random_size16_time9000000_p[0.8, 0.2].out",53316,0,0,22963,319812,467222,719346,16.759941,118201,411090
"trace_random_size16_time90000000_p[0.8, 0.2].out",53356,0,0,22970,320467,467107,720102,16.768063,118552,411353
"trace_random_size64_time90000000_p[0.2, 0.8].out",1058727,0,0,2465,75590,1166869,179127,64.029213,185532,730493
"trace_random_size32_time90000_p[0.8, 0.2].out",83021,0,75,47460,402584,347214,719398,31.988365,16479950302,4874392172
"trace_random_size128_time900000_p[0.8, 0.2].out",615393,0,22,24259,208246,524428,719998,128.049515,661699,1042896
"trace_random_size8_time900000_p[0.8, 0.2].out",30485,0,0,20993,395160,440102,719842,11.172268,164788,374012
"trace_random_size8_time9000000_p[0.5, 0.5].out",26378,0,0,12299,281536,706955,449311,11.164676,99544,381488
"trace_random_size128_time900000_p[0.2, 0.8].out",2409916,0,180,79267,284982,887246,179527,127.967979,394722,1058211
"trace_random_size32_time90000000_p[0.5, 0.5].out",234505,0,0,12347,205997,836065,450495,32.001141,155268,528316
"trace_random_size8_time90000000_p[0.8, 0.2].out",29677,0,0,21385,394379,440813,720237,11.162965,99482,373291
"trace_random_size64_time90000_p[0.2, 0.8].out",314631,190,24031,454069,536590,470695,180391,64.064568,19540761556,8231755670
"trace_random_size128_time90000000_p[0.5, 0.5].out",1522543,0,0,48818,269268,719974,449211,128.014008,291471,1054418
"trace_random_size8_time90000_p[0.2, 0.8].out",21155,0,14,7836,301292,770137,179438,11.197672,346431,413801
"trace_random_size128_time90000_p[0.8, 0.2].out",416809,2,2466,149414,244403,427958,720085,128.002029,99060635770,60665425284
"trace_random_size64_time900000_p[0.2, 0.8].out",1052250,0,0,5134,79240,1161139,180367,63.998028,243739,728803
"trace_random_size16_time9000000_p[0.5, 0.5].out",67825,0,0,15685,243998,764239,449979,16.772581,118234,422998
"trace_random_size64_time9000_p[0.2, 0.8].out",312332,269,25167,453545,539536,467913,180257,63.976368,55901684185,23523352077
"trace_random_size64_time90000000_p[0.5, 0.5].out",672603,0,0,5725,160453,877832,450614,63.96666,185501,726455
"trace_random_size16_time90000000_p[0.2, 0.8].out",83839,0,0,5635,106480,1045455,179411,16.766605,118265,415455
"trace_random_size64_time900000_p[0.5, 0.5].out",671558,0,0,7817,162485,874894,450034,63.980064,324286,727425
"trace_random_size64_time9000_p[0.5, 0.5].out",287224,44,7123,258020,448803,449068,450330,64.012405,69487063188,29099342218
"trace_random_size16_time9000000_p[0.2, 0.8].out",82919,0,0,5670,106671,1047109,179335,16.777813,118326,417216
"trace_random_size16_time90000_p[0.8, 0.2].out",39133,0,9,35231,473099,304583,719890,16.768114,3851273175,869753091
"trace_random_size16_time9000_p[0.2, 0.8].out",38013,9,761,46232,700925,412220,180205,16.75963,21413387611,4818935397
"trace_random_size64_time900000_p[0.8, 0.2].out",287741,0,0,8101,199009,561295,719920,64.014214,392160,712937
"trace_random_size16_time90000_p[0.2, 0.8].out",66114,0,185,21616,358592,778477,179942,16.785036,460594,485487
"trace_random_size128_time900000_p[0.5, 0.5].out",1505079,0,143,56809,269499,718295,449898,128.010101,537450,1056559
"trace_random_size8_time9000_p[0.5, 0.5].out",15070,1,49,22913,663154,315920,450114,11.176963,26451717927,5179936173
"trace_random_size128_time9000_p[0.8, 0.2].out",414657,41,2602,149893,242692,428208,720309,128.02626,135745446442,82824992884
"trace_random_size8_time90000000_p[0.5, 0.5].out",26434,0,0,12512,282650,705190,449988,11.174069,99616,382219
"trace_random_size128_time9000_p[0.2, 0.8].out",740841,1133,68029,920663,408821,533562,180770,128.020157,103211546668,62828721592
"trace_random_size32_time90000_p[0.2, 0.8].out",172007,28,3802,134605,577179,562291,180399,32.019478,958687,889074
"trace_random_size128_time9000_p[0.5, 0.5].out",648564,221,23984,525467,345312,489477,449809,128.034195,121501536260,73920963985
"trace_random_size32_time900000_p[0.8, 0.2].out",120479,0,0,17175,259166,512081,720394,32.033516,261494,515703
"trace_random_size16_time9000_p[0.5, 0.5].out",37127,1,258,42926,637798,345786,450960,16.778162,31329014535,7070542159
"trace_random_size16_time90000000_p[0.5, 0.5].out",67119,0,0,15586,244145,765360,450231,16.765198,118192,422751
"trace_random_size8_time9000000_p[0.2, 0.8].out",25441,0,0,3809,115558,959847,179933,11.163061,99619,369094
"trace_random_size64_time90000_p[0.5, 0.5].out",290859,9,6571,257268,449190,450499,449703,64.019722,33179712818,13930217474
"trace_random_size32_time90000000_p[0.8, 0.2].out",120269,0,0,17064,259565,512793,720123,32.008244,155190,515048
"trace_random_size32_time90000_p[0.5, 0.5].out",115453,1,1400,105160,571332,400339,450083,32.061401,8195803358,2416875636
"trace_random_size16_time90000_p[0.5, 0.5].out",42717,0,159,38757,584126,402955,449961,16.751808,886742,674769
"trace_random_size8_time9000_p[0.8, 0.2].out",22855,0,1,27883,546113,283355,719683,11.156334,33990943885,6663796424
"trace_random_size32_time9000000_p[0.5, 0.5].out",234291,0,0,12467,206645,837095,450066,31.999882,155280,528608
"trace_random_size128_time9000000_p[0.5, 0.5].out",1521937,0,0,48759,270505,718615,449483,127.974159,291516,1053291
"trace_random_size64_time90000000_p[0.8, 0.2].out",289146,0,0,7747,199099,561335,719762,63.998981,185631,713331
"trace_random_size16_time900000_p[0.8, 0.2].out",53016,0,0,22911,321501,466999,719129,16.768709,190316,411163
"trace_random_size128_time90000_p[0.5, 0.5].out",648512,226,23818,526444,343854,489597,449576,128.039551,84979679976,51731456154
"trace_random_size32_time9000_p[0.2, 0.8].out",128983,54,5674,166802,681102,430947,180352,32.017624,32770871688,9665047032
"trace_random_size32_time90000000_p[0.2, 0.8].out",348344,0,0,5002,94679,1138379,179552,32.011681,155312,527945
"trace_random_size16_time9000_p[0.8, 0.2].out",38740,0,26,35688,474338,303118,720330,16.781717,38974949841,8802101407
"trace_random_size128_time90000000_p[0.2, 0.8].out",2425518,0,0,69150,283025,891212,180098,127.959946,291950,1059215
"trace_random_size64_time9000000_p[0.8, 0.2].out",288447,0,0,7793,198490,560461,719713,63.988636,185561,712233
"trace_random_size128_time90000000_p[0.8, 0.2].out",620876,0,0,22161,208675,525205,719266,128.005951,291145,1041936
"trace_random_size16_time900000_p[0.5, 0.5].out",68371,0,0,15623,247461,762538,449509,16.787146,168814,423907
"trace_random_size8_time900000_p[0.2, 0.8].out",25215,0,0,4030,118793,955893,181057,11.159227,117874,369757
"trace_random_size32_time900000_p[0.2, 0.8].out",347438,0,0,5504,97815,1135636,179649,32.031216,185314,529039
"trace_random_size32_time9000000_p[0.8, 0.2].out",120338,0,0,16802,261119,511056,720394,32.055885,155298,515254
"trace_random_size8_time90000000_p[0.2, 0.8].out",25324,0,0,3943,115785,959279,180078,11.171837,99648,369666
"trace_random_size8_time90000_p[0.8, 0.2].out",23578,0,3,27483,543391,285917,719791,11.153554,821573346,161091950
"trace_random_size32_time9000_p[0.8, 0.2].out",82366,0,137,47971,403675,345334,719802,32.017803,52073360595,15439138090
"trace_random_size32_time900000_p[0.5, 0.5].out",234392,0,0,12746,208014,833900,450266,32.056561,227289,529201
