filename,Normal_page_read_count,Multi-plane_one_shot_read_count,One_shot_read_count,Multi-plane_read_count,Multi-plane_SOML_read_count,SOML_read_count,Write_request_count,Write_request_average_size,Read_request_average_response_time,Write_request_average_response_time
"trace_seq_size8_time9000000_p[0.8, 0.2].out",36496,17,4062,9588,15554,208515,720243,11.18881,84168,130218
"trace_seq_size128_time9000_p[0.5, 0.5].out",156362,133476,32074,383659,299455,194024,450186,128.020859,108147884700,80975029819
"trace_seq_size32_time9000_p[0.5, 0.5].out",54225,9482,13072,137207,420926,91399,450036,32.029198,31015685790,7813931668
"trace_seq_size64_time900000_p[0.5, 0.5].out",369797,5,118272,58834,259109,515706,450143,63.991718,408453,736426
"trace_seq_size16_time9000_p[0.8, 0.2].out",23156,1756,8493,36287,136351,68169,719914,16.766933,13768105280,1712849355
"trace_seq_size32_time9000000_p[0.2, 0.8].out",285518,7,19856,45080,180628,919722,179726,31.975073,203191,532947
"trace_seq_size8_time90000_p[0.5, 0.5].out",36842,392,9970,29323,96355,332080,449570,11.195239,202998,231903
"trace_seq_size8_time9000_p[0.2, 0.8].out",15771,653,6432,30682,280701,67841,179878,11.185922,3555795066,1296074741
"trace_seq_size128_time900000_p[0.8, 0.2].out",245619,258,59850,137522,108827,267411,719521,128.012115,714069,1178599
"trace_seq_size128_time90000000_p[0.8, 0.2].out",249037,8,59921,135183,108934,268000,720456,127.995102,539423,1144515
"trace_seq_size8_time90000_p[0.2, 0.8].out",29525,122,5849,20964,90562,518442,180431,11.166745,126601,296839
"trace_seq_size16_time9000000_p[0.8, 0.2].out",56340,23,5872,12371,29400,246530,719676,16.785879,114534,192703
"trace_seq_size128_time90000000_p[0.5, 0.5].out",631355,50,149765,355631,211966,526141,449896,127.987587,545753,1268394
"trace_seq_size128_time90000000_p[0.2, 0.8].out",1021140,125,239959,595492,276590,568619,179818,128.003525,551839,1384779
"trace_seq_size32_time90000_p[0.2, 0.8].out",128022,9592,17516,106955,312456,281874,180356,31.98616,638272,778278
"trace_seq_size64_time9000000_p[0.2, 0.8].out",606931,0,203561,99879,338260,580552,179984,64.037712,356214,839976
"trace_seq_size32_time9000_p[0.8, 0.2].out",49345,2268,14616,59302,169234,97202,719940,32.006668,31644218904,6275321191
"trace_seq_size32_time90000000_p[0.8, 0.2].out",117347,10,8338,18173,57458,286759,719749,32.005428,191323,343296
"trace_seq_size128_time90000_p[0.5, 0.5].out",155807,133751,32175,383464,300074,194118,449907,127.986572,71566111635,53662831418
"trace_seq_size32_time90000_p[0.8, 0.2].out",56391,2288,13776,54454,155215,113641,720195,32.039207,965016,493053
"trace_seq_size16_time90000_p[0.8, 0.2].out",45658,290,9037,20246,62290,167041,720167,16.797691,439215,240306
"trace_seq_size32_time9000_p[0.2, 0.8].out",73264,15344,19112,138007,405818,134422,180480,31.983208,24384828686,7553756982
"trace_seq_size8_time9000000_p[0.5, 0.5].out",42676,322,7818,25002,57594,518296,449749,11.149608,91198,199859
"trace_seq_size64_time900000_p[0.8, 0.2].out",146173,0,44969,20671,120013,274341,720046,63.989944,412284,616904
"trace_seq_size128_time900000_p[0.5, 0.5].out",608768,2324,148413,359803,209343,516304,449564,128.003372,673788,1327649
"trace_seq_size8_time900000_p[0.5, 0.5].out",42494,312,7646,25157,58284,514362,450823,11.156033,105654,199486
"trace_seq_size8_time900000_p[0.8, 0.2].out",36422,20,3984,9655,15728,207239,721109,11.162263,97500,129838
"trace_seq_size16_time90000000_p[0.2, 0.8].out",84244,34,4282,24865,111092,891626,180143,16.835958,127272,360880
"trace_seq_size8_time90000000_p[0.8, 0.2].out",36267,17,4022,9903,15768,209770,719512,11.168679,84317,130278
"trace_seq_size16_time9000_p[0.2, 0.8].out",28516,2070,10440,51324,355817,95128,180318,16.769487,8330157244,2690214679
"trace_seq_size128_time9000_p[0.8, 0.2].out",145136,28776,34782,150727,146427,177256,719969,128.011856,116881025469,82042973019
"trace_seq_size16_time9000_p[0.5, 0.5].out",25398,3201,8954,70982,339989,65984,450719,16.798805,12826608887,2566746373
"trace_seq_size64_time90000000_p[0.5, 0.5].out",373746,0,120224,56824,260200,518493,450367,64.023773,347464,734448
"trace_seq_size128_time900000_p[0.2, 0.8].out",993622,4144,237237,596785,274039,558043,179873,128.001373,607645,1427481
"trace_seq_size8_time9000_p[0.5, 0.5].out",16272,1910,5960,46229,267994,52359,449295,11.180861,6268838808,1160888176
"trace_seq_size64_time90000000_p[0.8, 0.2].out",146623,0,45038,20623,120392,274838,720069,64.013161,338485,615966
"trace_seq_size32_time90000_p[0.5, 0.5].out",67135,8413,15238,133721,380272,126306,449569,32.034885,1330247,894364
"trace_seq_size64_time90000000_p[0.2, 0.8].out",607453,0,203082,99895,338704,580269,180286,63.966087,356268,839872
"trace_seq_size32_time9000000_p[0.8, 0.2].out",121852,8,8087,19165,56122,282964,719753,32.022396,191563,343259
"trace_seq_size32_time90000000_p[0.2, 0.8].out",285873,13,19611,45402,179502,917643,180292,32.07019,202782,533026
"trace_seq_size8_time900000_p[0.2, 0.8].out",36896,77,3279,19110,76492,824363,180169,11.166296,106173,282970
"trace_seq_size16_time90000000_p[0.8, 0.2].out",56176,25,5717,12723,29174,245029,720215,16.771118,114252,192425
"trace_seq_size16_time900000_p[0.2, 0.8].out",83717,41,4378,24773,110798,888686,179279,16.807642,138808,360285
"trace_seq_size8_time90000_p[0.8, 0.2].out",33869,53,5434,12162,30205,164400,720238,11.17127,261492,144945
"trace_seq_size8_time90000000_p[0.2, 0.8].out",36730,47,3312,19110,76638,827464,180024,11.171506,98282,282538
"trace_seq_size128_time90000_p[0.8, 0.2].out",141811,27934,35231,155756,144702,176728,719737,128.018936,81012096628,56606507639
"trace_seq_size32_time900000_p[0.2, 0.8].out",284211,7,21152,45381,179836,908785,180205,32.019688,222424,533475
"trace_seq_size16_time9000000_p[0.5, 0.5].out",79359,226,9542,33877,85822,577463,450299,16.784006,120904,277543
"trace_seq_size32_time900000_p[0.8, 0.2].out",115350,15,8389,17869,58012,286240,720319,32.032887,232401,343062
"trace_seq_size64_time9000000_p[0.8, 0.2].out",146619,0,45534,20499,121450,274566,719682,63.984432,338671,616246
"trace_seq_size32_time9000000_p[0.5, 0.5].out",215794,39,17498,45064,144356,631128,450157,31.999844,197266,446692
"trace_seq_size128_time9000_p[0.2, 0.8].out",154526,209348,51088,619649,300895,110715,180908,127.978157,91203422741,72661829292
"trace_seq_size64_time90000_p[0.5, 0.5].out",78495,40128,16026,216796,450608,156513,450567,64.009583,22210987128,9267142193
"trace_seq_size64_time9000_p[0.2, 0.8].out",103374,67102,31595,318298,414556,117147,180116,63.965038,46991118424,21886924806
"trace_seq_size16_time9000000_p[0.2, 0.8].out",83767,35,4215,24783,110518,892578,180166,16.743074,127200,359255
"trace_seq_size128_time9000000_p[0.5, 0.5].out",631856,49,150127,355511,212696,525154,449679,127.998535,545721,1268490
"trace_seq_size8_time90000000_p[0.5, 0.5].out",42499,306,7687,25233,58630,518080,449248,11.161341,91245,200116
"trace_seq_size16_time900000_p[0.8, 0.2].out",56213,35,5820,12538,29178,245291,719783,16.773561,134990,192543
"trace_seq_size32_time90000000_p[0.5, 0.5].out",215092,30,17611,44485,145756,633390,449838,32.041325,197440,447774
"trace_seq_size64_time9000_p[0.8, 0.2].out",71865,5048,20867,78102,213687,152627,719266,63.977188,61201980592,22442456766
"trace_seq_size64_time90000_p[0.2, 0.8].out",109531,66319,32954,314843,413584,120386,180337,64.031593,11009479365,5144717448
"trace_seq_size64_time9000000_p[0.5, 0.5].out",373339,0,121056,56573,261662,517600,449697,64.007889,347517,734656
"trace_seq_size16_time90000_p[0.5, 0.5].out",56798,887,13703,47078,172215,290799,450037,16.79777,369474,375374
"trace_seq_size16_time90000_p[0.2, 0.8].out",57644,462,8969,31172,147876,459079,180357,16.781364,214123,480224
"trace_seq_size128_time90000_p[0.2, 0.8].out",154619,209397,50859,622086,300956,110334,179721,128.019531,54566430196,43748454679
"trace_seq_size128_time9000000_p[0.2, 0.8].out",1021478,160,240287,596588,275776,568652,179340,128.004898,551948,1385627
"trace_seq_size8_time9000000_p[0.2, 0.8].out",37086,66,3246,18888,76356,826559,179939,11.169279,98231,281711
"trace_seq_size32_time900000_p[0.5, 0.5].out",214912,31,18716,45185,143976,623522,450345,32.057697,236052,447923
"trace_seq_size64_time90000_p[0.8, 0.2].out",71803,5012,21196,77012,212560,153227,720168,64.061707,25182681358,9229171499
"trace_seq_size64_time9000_p[0.5, 0.5].out",75576,40780,15065,218722,453463,155189,449503,64.058876,58401319065,24315979369
"trace_seq_size16_time90000000_p[0.5, 0.5].out",79465,186,9262,34220,85820,577698,449732,16.800346,120872,277459
"trace_seq_size128_time9000000_p[0.8, 0.2].out",250090,13,60224,136326,109086,269695,719530,128.043121,539754,1145233
"trace_seq_size64_time900000_p[0.2, 0.8].out",601870,4,199985,103456,336740,576100,180132,63.986031,386922,842778
"trace_seq_size16_time900000_p[0.5, 0.5].out",78445,210,9368,34204,85336,573580,450375,16.770908,142395,277159
"trace_seq_size8_time9000_p[0.8, 0.2].out",15854,750,5300,27132,109037,52967,719325,11.160812,7028610412,682042886
