filename,Normal_page_read_count,Multi-plane_one_shot_read_count,One_shot_read_count,Multi-plane_read_count,Multi-plane_SOML_read_count,SOML_read_count,Write_request_count,Write_request_average_size,Read_request_average_response_time,Write_request_average_response_time
"trace_seq_size8_time9000000_p[0.8, 0.2].out",56059,0,0,1171,748,232880,720243,11.18881,76985,124706
"trace_seq_size128_time9000_p[0.5, 0.5].out",415509,5243,22395,644019,304108,219876,450186,128.018539,111538399845,83513522273
"trace_seq_size32_time9000_p[0.5, 0.5].out",80963,83,7027,148240,365340,176961,450036,32.028969,31379843781,7891917173
"trace_seq_size64_time900000_p[0.5, 0.5].out",615550,0,106,731,35128,965584,450143,63.991718,304022,728680
"trace_seq_size16_time9000_p[0.8, 0.2].out",38269,1,2589,39287,97054,115358,719914,16.767244,13435275982,1667023068
"trace_seq_size32_time9000000_p[0.2, 0.8].out",337488,0,452,15886,27728,1137294,179726,31.975073,148520,517060
"trace_seq_size8_time90000_p[0.5, 0.5].out",66762,0,223,16867,43283,425051,449570,11.194995,223130,233104
"trace_seq_size8_time9000_p[0.2, 0.8].out",16324,12,1867,34755,227984,136600,179878,11.185843,3371252260,1203059055
"trace_seq_size128_time900000_p[0.8, 0.2].out",575012,0,121,19292,100193,364697,719521,128.010147,677642,1180464
"trace_seq_size128_time90000000_p[0.8, 0.2].out",574273,0,0,18162,99718,365833,720456,127.995102,279610,1149591
"trace_seq_size8_time90000_p[0.2, 0.8].out",43795,0,1063,15153,36839,624700,180431,11.166696,134161,292704
"trace_seq_size16_time9000000_p[0.8, 0.2].out",85150,0,0,1434,1090,285658,719676,16.785879,98544,184705
"trace_seq_size128_time90000000_p[0.5, 0.5].out",1457569,0,4,60052,218690,733944,449896,127.987587,285472,1274756
"trace_seq_size128_time90000000_p[0.2, 0.8].out",2363535,0,1,120030,260320,914042,179818,128.003525,291344,1383825
"trace_seq_size32_time90000_p[0.2, 0.8].out",198258,60,1856,89804,202996,495447,180356,31.986233,518344,826834
"trace_seq_size64_time9000000_p[0.2, 0.8].out",1044218,0,44,0,38322,1253512,179984,64.037712,185604,824144
"trace_seq_size32_time9000_p[0.8, 0.2].out",79808,1,3017,58373,113245,173715,719940,32.006718,30800797425,6103766313
"trace_seq_size32_time90000000_p[0.8, 0.2].out",157260,0,8,1573,2564,359990,719749,32.005428,143508,333343
"trace_seq_size128_time90000_p[0.5, 0.5].out",416803,5174,22582,643029,305600,220717,449907,127.986595,74980593116,56222942924
"trace_seq_size32_time90000_p[0.8, 0.2].out",90977,0,3106,49565,95149,195647,720195,32.038662,1037605,481244
"trace_seq_size16_time90000_p[0.8, 0.2].out",72509,0,127,12587,26416,222558,720167,16.79812,484553,233007
"trace_seq_size32_time9000_p[0.2, 0.8].out",94612,668,7014,160052,369321,226946,180480,31.983328,22406120901,6946923620
"trace_seq_size8_time9000000_p[0.5, 0.5].out",75502,0,92,9732,9636,589078,449749,11.149608,82495,187304
"trace_seq_size64_time900000_p[0.8, 0.2].out",233429,0,11,67,7520,476494,720046,63.989929,331690,613745
"trace_seq_size128_time900000_p[0.5, 0.5].out",1441320,0,1112,67808,217507,717579,449564,128.003372,587850,1331888
"trace_seq_size8_time900000_p[0.5, 0.5].out",75281,0,85,9680,9596,585762,450823,11.156074,95251,186922
"trace_seq_size8_time900000_p[0.8, 0.2].out",55837,0,0,1192,714,231894,721109,11.1623,89150,124337
"trace_seq_size16_time90000000_p[0.2, 0.8].out",99541,0,953,18239,17882,992982,180143,16.835958,107321,349568
"trace_seq_size8_time90000000_p[0.8, 0.2].out",56287,0,0,1200,730,234362,719512,11.168679,77026,124732
"trace_seq_size16_time9000_p[0.2, 0.8].out",29247,71,3192,59548,307092,165605,180318,16.769377,7640052904,2447824429
"trace_seq_size128_time9000_p[0.8, 0.2].out",355626,104,13271,148817,123582,229974,719969,128.011856,116242602283,81594698503
"trace_seq_size16_time9000_p[0.5, 0.5].out",37926,44,4286,80576,285831,125211,450719,16.798771,13097304390,2602023403
"trace_seq_size64_time90000000_p[0.5, 0.5].out",619073,0,114,0,33358,973986,450367,64.023773,184047,726410
"trace_seq_size128_time900000_p[0.2, 0.8].out",2340328,0,1644,127898,261134,894630,179873,128.00148,426450,1425655
"trace_seq_size8_time9000_p[0.5, 0.5].out",23817,22,3123,50936,223516,103406,449295,11.180766,6567876907,1201789406
"trace_seq_size64_time90000000_p[0.8, 0.2].out",234228,0,5,0,7432,476538,720069,64.013161,182383,613032
"trace_seq_size32_time90000_p[0.5, 0.5].out",97850,57,7384,141481,318360,221401,449569,32.035019,1540670,960854
"trace_seq_size64_time90000000_p[0.2, 0.8].out",1043543,0,49,0,38068,1253704,180286,63.966087,185643,824012
"trace_seq_size32_time9000000_p[0.8, 0.2].out",163311,0,2,1690,2412,354468,719753,32.022396,143518,333291
"trace_seq_size32_time90000000_p[0.2, 0.8].out",337752,0,474,16058,26934,1134509,180292,32.07019,148375,517047
"trace_seq_size8_time900000_p[0.2, 0.8].out",48408,0,1102,12771,17182,891810,180169,11.166296,95856,272844
"trace_seq_size16_time90000000_p[0.8, 0.2].out",85285,0,2,1450,1102,283833,720215,16.771118,98405,184452
"trace_seq_size16_time900000_p[0.2, 0.8].out",98507,0,955,18408,17430,990548,179279,16.807606,119609,349057
"trace_seq_size8_time90000_p[0.8, 0.2].out",51599,0,8,5128,9099,200305,720238,11.17118,281593,140943
"trace_seq_size8_time90000000_p[0.2, 0.8].out",47912,0,1003,13160,17284,894745,180024,11.171506,88037,272588
"trace_seq_size128_time90000_p[0.8, 0.2].out",357949,55,13005,148443,124712,230234,719737,128.018936,80341070050,56137468140
"trace_seq_size32_time900000_p[0.2, 0.8].out",337099,0,491,16132,27018,1129258,180205,32.019688,173243,517409
"trace_seq_size16_time9000000_p[0.5, 0.5].out",128484,0,307,12546,10686,675197,450299,16.784006,102906,262072
"trace_seq_size32_time900000_p[0.8, 0.2].out",154151,0,7,1548,2582,360907,720319,32.031784,198399,333221
"trace_seq_size64_time9000000_p[0.8, 0.2].out",234533,0,23,0,7378,478255,719682,63.984432,182422,613245
"trace_seq_size32_time9000000_p[0.5, 0.5].out",289590,0,482,11202,18830,801864,450157,31.999844,146032,429790
"trace_seq_size128_time9000_p[0.2, 0.8].out",461085,14879,29847,1033947,364144,157516,180908,127.977501,92550155994,73735881973
"trace_seq_size64_time90000_p[0.5, 0.5].out",172096,531,12957,287604,393689,234297,450567,64.009567,23811434575,9934744142
"trace_seq_size64_time9000_p[0.2, 0.8].out",233273,4207,16190,442675,377144,202686,180116,63.964355,46909591960,21849866414
"trace_seq_size16_time9000000_p[0.2, 0.8].out",98818,0,984,18119,17342,993934,180166,16.743074,107240,348177
"trace_seq_size128_time9000000_p[0.5, 0.5].out",1458777,0,2,60585,217060,734390,449679,127.998535,285520,1274949
"trace_seq_size8_time90000000_p[0.5, 0.5].out",75221,0,98,9873,9568,589743,449248,11.161341,82552,187515
"trace_seq_size16_time900000_p[0.8, 0.2].out",85280,0,0,1479,1204,283982,719783,16.7736,120045,184532
"trace_seq_size32_time90000000_p[0.5, 0.5].out",287805,0,445,10957,19344,805823,449838,32.041325,146138,430859
"trace_seq_size64_time9000_p[0.8, 0.2].out",139969,18,5208,69186,133818,260669,719266,63.977131,60372809668,22138296601
"trace_seq_size64_time90000_p[0.2, 0.8].out",252506,4403,15918,430487,370165,216540,180337,64.031982,11038408456,5158974008
"trace_seq_size64_time9000000_p[0.5, 0.5].out",619285,0,117,0,33248,976031,449697,64.007889,184008,726619
"trace_seq_size16_time90000_p[0.5, 0.5].out",99065,0,2114,33979,90212,415604,450037,16.797968,385463,372214
"trace_seq_size16_time90000_p[0.2, 0.8].out",82011,2,3350,26075,64755,609982,180357,16.781456,209772,457253
"trace_seq_size128_time90000_p[0.2, 0.8].out",459870,15408,29534,1035231,365112,156827,179721,128.021301,55844236389,44774208436
"trace_seq_size128_time9000000_p[0.2, 0.8].out",2365750,0,0,120380,260268,914125,179340,128.004898,291354,1384322
"trace_seq_size8_time9000000_p[0.2, 0.8].out",48176,0,1111,12744,17266,893648,179939,11.169279,88033,271879
"trace_seq_size32_time900000_p[0.5, 0.5].out",289900,0,495,11263,18834,796499,450345,32.057438,194835,430894
"trace_seq_size64_time90000_p[0.8, 0.2].out",140077,0,5022,68332,133372,261348,720168,64.05497,24318198862,8912271207
"trace_seq_size64_time9000_p[0.5, 0.5].out",167961,468,13223,291095,395968,231997,449503,64.057953,60030089279,24993935708
"trace_seq_size16_time90000000_p[0.5, 0.5].out",128488,0,276,12574,10792,675069,449732,16.800346,102833,261998
"trace_seq_size128_time9000000_p[0.8, 0.2].out",577260,0,5,18501,99952,368044,719530,128.043121,279767,1150320
"trace_seq_size64_time900000_p[0.2, 0.8].out",1039408,0,37,1091,41028,1239198,180132,63.986031,243107,827239
"trace_seq_size16_time900000_p[0.5, 0.5].out",127532,0,297,12593,10556,670914,450375,16.771139,124463,261715
"trace_seq_size8_time9000_p[0.8, 0.2].out",23933,1,2285,28763,83828,81022,719325,11.161092,6929147844,669263117
