filename,Normal_page_read_count,Multi-plane_one_shot_read_count,One_shot_read_count,Multi-plane_read_count,Multi-plane_SOML_read_count,SOML_read_count,Write_request_count,Write_request_average_size,Read_request_average_response_time,Write_request_average_response_time
"trace_seq_size8_time9000000_p[0.8, 0.2].out",26570,4,504,21280,22286,199084,720243,11.18881,84128,131424
"trace_seq_size128_time9000_p[0.5, 0.5].out",385068,9719,33464,592751,344832,249737,450186,128.022339,115746447484,75279924921
"trace_seq_size32_time9000_p[0.5, 0.5].out",74986,402,6354,143553,392352,164254,450036,32.028358,32109526506,7924434896
"trace_seq_size64_time900000_p[0.5, 0.5].out",478633,1,39341,59746,350070,550730,450143,63.991653,413229,715741
"trace_seq_size16_time9000_p[0.8, 0.2].out",29557,14,1723,42019,127591,89640,719914,16.767212,13556684227,1683475784
"trace_seq_size32_time9000000_p[0.2, 0.8].out",270159,5,6970,61285,209260,912726,179726,31.975073,202607,559489
"trace_seq_size8_time90000_p[0.5, 0.5].out",21842,73,2184,47053,110853,322069,449570,11.195263,212926,214479
"trace_seq_size8_time9000_p[0.2, 0.8].out",11096,72,2406,34784,268750,97110,179878,11.185851,3257095484,1149205194
"trace_seq_size128_time900000_p[0.8, 0.2].out",335797,27,20118,138055,131210,274542,719521,128.013794,695438,1044855
"trace_seq_size128_time90000000_p[0.8, 0.2].out",338807,1,19815,135548,131028,275766,720456,127.995102,547038,1043950
"trace_seq_size8_time90000_p[0.2, 0.8].out",19368,15,2149,30735,106542,508683,180431,11.166645,136176,323129
"trace_seq_size16_time9000000_p[0.8, 0.2].out",43644,8,786,28326,38363,233710,719676,16.785879,114540,194116
"trace_seq_size128_time90000000_p[0.5, 0.5].out",857301,4,49430,355648,290390,523020,449896,127.987587,553325,1130325
"trace_seq_size128_time90000000_p[0.2, 0.8].out",1381721,12,79556,596005,343198,622291,179818,128.003525,559359,1218502
"trace_seq_size32_time90000_p[0.2, 0.8].out",123612,758,5700,130622,340925,300151,180356,31.986099,580371,712288
"trace_seq_size64_time9000000_p[0.2, 0.8].out",806701,0,67919,99804,411698,714424,179984,64.037712,357557,811840
"trace_seq_size32_time9000_p[0.8, 0.2].out",66979,18,3429,61903,149120,141434,719940,32.00684,31508528849,6196562922
"trace_seq_size32_time90000000_p[0.8, 0.2].out",104973,3,1785,29776,76700,276390,719749,32.005428,190851,343719
"trace_seq_size128_time90000_p[0.5, 0.5].out",385272,9740,34093,592218,345854,249661,449907,127.986824,79327240602,51689952398
"trace_seq_size32_time90000_p[0.8, 0.2].out",75988,25,3053,53753,130955,165473,720195,32.039585,891190,437614
"trace_seq_size16_time90000_p[0.8, 0.2].out",40447,11,1631,30177,63020,175315,720167,16.797831,437790,196513
"trace_seq_size32_time9000_p[0.2, 0.8].out",80369,1121,7644,163758,424266,180805,180480,31.983328,23067444851,6837143841
"trace_seq_size8_time9000000_p[0.5, 0.5].out",26134,63,892,45204,79736,494639,449749,11.149608,91171,208953
"trace_seq_size64_time900000_p[0.8, 0.2].out",185331,0,14926,20805,149828,295223,720046,63.989941,413231,603563
"trace_seq_size128_time900000_p[0.5, 0.5].out",830903,384,49042,366977,287703,511022,449564,128.00209,673011,1135244
"trace_seq_size8_time900000_p[0.5, 0.5].out",25557,78,930,45279,79679,491093,450823,11.155959,109021,208329
"trace_seq_size8_time900000_p[0.8, 0.2].out",26182,2,491,21455,22152,198051,721109,11.161793,99187,130946
"trace_seq_size16_time90000000_p[0.2, 0.8].out",68389,9,1568,40186,124995,871249,180143,16.835958,127245,392833
"trace_seq_size8_time90000000_p[0.8, 0.2].out",26309,9,552,21569,22450,200177,719512,11.168679,84263,131449
"trace_seq_size16_time9000_p[0.2, 0.8].out",23005,213,3953,58850,343986,133567,180318,16.769365,7648388233,2385469381
"trace_seq_size128_time9000_p[0.8, 0.2].out",244342,1568,17807,188875,156027,205616,719969,128.009201,120705722860,76473719648
"trace_seq_size16_time9000_p[0.5, 0.5].out",28910,187,3124,78579,324655,100221,450719,16.798847,13168061513,2601838774
"trace_seq_size64_time90000000_p[0.5, 0.5].out",485200,0,40586,56818,351562,554608,450367,64.023773,348165,715479
"trace_seq_size128_time900000_p[0.2, 0.8].out",1348812,653,77876,609538,342072,608159,179873,128.001373,617048,1225147
"trace_seq_size8_time9000_p[0.5, 0.5].out",16281,128,1799,50915,265820,69556,449295,11.180799,6378183945,1170622258
"trace_seq_size64_time90000000_p[0.8, 0.2].out",186854,0,14921,20565,149650,295818,720069,64.013161,338939,603664
"trace_seq_size32_time90000_p[0.5, 0.5].out",81718,384,5953,143976,369961,179599,449569,32.034828,2454513,1257601
"trace_seq_size64_time90000000_p[0.2, 0.8].out",806691,0,67871,99533,412770,713329,180286,63.966087,357660,811232
"trace_seq_size32_time9000000_p[0.8, 0.2].out",108159,0,1739,31354,74402,273095,719753,32.022396,191044,343739
"trace_seq_size32_time90000000_p[0.2, 0.8].out",270083,3,6837,61442,207370,911886,180292,32.07019,202261,558388
"trace_seq_size8_time900000_p[0.2, 0.8].out",25882,13,1161,29322,92121,806154,180169,11.166282,109615,310452
"trace_seq_size16_time90000000_p[0.8, 0.2].out",43810,3,768,28177,37956,232691,720215,16.771118,114257,193757
"trace_seq_size16_time900000_p[0.2, 0.8].out",67839,12,1667,40002,124758,868709,179279,16.807732,143295,392004
"trace_seq_size8_time90000_p[0.8, 0.2].out",25504,5,897,21877,35470,161482,720238,11.17135,266301,131998
"trace_seq_size8_time90000000_p[0.2, 0.8].out",26051,10,1121,29108,91547,810060,180024,11.171506,98283,310479
"trace_seq_size128_time90000_p[0.8, 0.2].out",245673,1494,17652,189338,155208,206950,719737,128.01947,84824399634,53463403186
"trace_seq_size32_time900000_p[0.2, 0.8].out",268617,1,7257,62012,207197,905335,180205,32.019688,227726,560028
"trace_seq_size16_time9000000_p[0.5, 0.5].out",56983,50,1648,60519,105322,551799,450299,16.784006,120854,289208
"trace_seq_size32_time900000_p[0.8, 0.2].out",103573,3,1835,28886,78234,275490,720319,32.032658,232913,343506
"trace_seq_size64_time9000000_p[0.8, 0.2].out",187091,0,15311,20213,150438,296347,719682,63.984432,338859,603814
"trace_seq_size32_time9000000_p[0.5, 0.5].out",190150,9,5004,67322,186227,608055,450157,31.999844,196822,457279
"trace_seq_size128_time9000_p[0.2, 0.8].out",349865,27214,33904,1046622,376890,146429,180908,127.977516,94832914064,63986830120
"trace_seq_size64_time90000_p[0.5, 0.5].out",184669,1589,14959,252247,441173,228208,450567,64.009254,25517522236,10106619693
"trace_seq_size64_time9000_p[0.2, 0.8].out",198045,6239,16122,433818,471275,156069,180116,63.965115,48441081853,20753922147
"trace_seq_size16_time9000000_p[0.2, 0.8].out",67644,8,1562,40159,125434,871176,180166,16.743074,127184,391013
"trace_seq_size128_time9000000_p[0.5, 0.5].out",856102,2,50077,356590,290284,521597,449679,127.998535,553415,1131779
"trace_seq_size8_time90000000_p[0.5, 0.5].out",25959,74,945,45104,79670,495468,449248,11.161341,91240,209262
"trace_seq_size16_time900000_p[0.8, 0.2].out",43532,4,749,28471,37946,232742,719783,16.773849,136810,193948
"trace_seq_size32_time90000000_p[0.5, 0.5].out",189546,11,5025,66429,189640,609044,449838,32.041325,197071,458049
"trace_seq_size64_time9000_p[0.8, 0.2].out",122037,87,9508,69387,193549,203365,719266,63.97715,62134255387,22131277019
"trace_seq_size64_time90000_p[0.2, 0.8].out",204686,6071,16430,429415,471612,158650,180337,64.032387,12453454712,5364247587
"trace_seq_size64_time9000000_p[0.5, 0.5].out",485329,0,40699,56696,351944,556158,449697,64.007889,348235,714790
"trace_seq_size16_time90000_p[0.5, 0.5].out",42020,67,3566,67004,173292,302620,450037,16.797979,351263,304362
"trace_seq_size16_time90000_p[0.2, 0.8].out",43658,44,3025,45574,156440,465605,180357,16.78104,206079,425259
"trace_seq_size128_time90000_p[0.2, 0.8].out",348821,27038,33473,1050597,378806,144130,179721,128.020187,58128630806,39425960278
"trace_seq_size128_time9000000_p[0.2, 0.8].out",1382601,18,80077,596389,342992,622194,179340,128.004898,559341,1218546
"trace_seq_size8_time9000000_p[0.2, 0.8].out",26119,15,1156,29068,91289,808830,179939,11.169279,98223,309291
"trace_seq_size32_time900000_p[0.5, 0.5].out",188943,6,5445,67891,186146,601871,450345,32.056465,241504,457988
"trace_seq_size64_time90000_p[0.8, 0.2].out",121240,85,9784,68524,192346,204221,720168,64.058723,26084157362,9292507821
"trace_seq_size64_time9000_p[0.5, 0.5].out",181700,1644,15150,254656,443840,226225,449503,64.057381,61677423632,24394355015
"trace_seq_size16_time90000000_p[0.5, 0.5].out",56906,41,1753,60515,104615,552276,449732,16.800346,120814,289217
"trace_seq_size128_time9000000_p[0.8, 0.2].out",340962,0,20140,135776,132252,277089,719530,128.043121,546852,1044471
"trace_seq_size64_time900000_p[0.2, 0.8].out",796967,0,66977,103601,410729,705767,180132,63.986115,391931,813783
"trace_seq_size16_time900000_p[0.5, 0.5].out",56098,35,1688,60737,104858,547387,450375,16.771269,146549,288640
"trace_seq_size8_time9000_p[0.8, 0.2].out",18824,9,1049,29893,108004,62486,719325,11.161213,6920834776,671113749
