filename,Normal_page_read_count,Multi-plane_one_shot_read_count,One_shot_read_count,Multi-plane_read_count,Multi-plane_SOML_read_count,SOML_read_count,Write_request_count,Write_request_average_size,Read_request_average_response_time,Write_request_average_response_time
"trace_random_size128_time9000000_p[0.8, 0.2].out",565145,0,0,76561,275577,402270,719737,128.008774,286686,1040576
"trace_random_size64_time9000_p[0.8, 0.2].out",168471,6,605,107417,315960,362576,720106,63.99715,79782635786,33360787626
"trace_random_size8_time9000_p[0.2, 0.8].out",10835,0,1750,17988,667501,387816,179519,11.167705,16821020503,3271342782
"trace_random_size16_time900000_p[0.2, 0.8].out",82752,0,0,7180,110091,1040679,180108,16.77463,139168,415782
"trace_random_size32_time9000000_p[0.2, 0.8].out",346837,0,0,6458,95299,1135513,180970,32.027451,155339,527113
"trace_random_size8_time900000_p[0.5, 0.5].out",24190,0,0,15219,284069,701300,450001,11.166186,144656,381829
"trace_random_size32_time9000_p[0.5, 0.5].out",100818,9,2860,126596,581881,357270,449913,32.031006,43625406137,12906773008
"trace_random_size128_time9000000_p[0.2, 0.8].out",2146795,0,0,346775,656039,244365,179717,128.004257,284730,1056442
"trace_random_size8_time90000_p[0.5, 0.5].out",17088,0,289,21796,544918,432751,450113,11.168034,666963,473191
"trace_random_size64_time9000000_p[0.2, 0.8].out",1056658,0,0,3768,76330,1163228,180070,64.042892,185500,729830
"trace_random_size64_time9000000_p[0.5, 0.5].out",670837,0,0,8856,160354,874961,450214,63.985874,185549,726507
"trace_random_size8_time9000000_p[0.8, 0.2].out",25777,0,0,26156,393980,435634,719835,11.167713,99474,373063
"trace_random_size128_time90000_p[0.2, 0.8].out",672514,804,17887,1160202,528458,157905,180091,128.021652,64069061524,39024649521
"trace_random_size64_time90000_p[0.8, 0.2].out",169806,0,503,106156,312753,366528,720381,64.036179,43580001339,18265884306
"trace_random_size16_time9000000_p[0.8, 0.2].out",47578,0,0,29465,320044,459724,719346,16.759941,118201,410579
"trace_random_size16_time90000000_p[0.8, 0.2].out",47669,0,0,29567,320480,459587,720102,16.768063,118552,410815
"trace_random_size64_time90000000_p[0.2, 0.8].out",1057434,0,0,3785,75802,1165310,179127,64.029213,185532,730060
"trace_random_size32_time90000_p[0.8, 0.2].out",71947,0,234,61150,406057,326958,719398,31.988323,16345380623,4834593851
"trace_random_size128_time900000_p[0.8, 0.2].out",561124,0,0,78361,276177,402628,719998,128.049515,654112,1042382
"trace_random_size8_time900000_p[0.8, 0.2].out",26266,0,0,25945,394635,434942,719842,11.172268,164479,373622
"trace_random_size8_time9000000_p[0.5, 0.5].out",24120,0,0,14896,281935,703620,449311,11.164676,99544,381130
"trace_random_size128_time900000_p[0.2, 0.8].out",2134420,0,0,354087,653372,245252,179527,127.967979,385885,1056291
"trace_random_size32_time90000000_p[0.5, 0.5].out",230696,0,0,16574,206763,830654,450495,32.001141,155268,527773
"trace_random_size8_time90000000_p[0.8, 0.2].out",25598,0,0,26170,394926,434775,720237,11.162965,99482,372865
"trace_random_size64_time90000_p[0.2, 0.8].out",307298,115,15982,529665,551042,336983,180391,64.065552,18979803433,7995558070
"trace_random_size128_time90000000_p[0.5, 0.5].out",1372575,0,0,197672,463957,377545,449211,128.014008,285932,1053343
"trace_random_size8_time90000_p[0.2, 0.8].out",20003,0,184,9110,302796,766728,179438,11.197814,346591,413212
"trace_random_size128_time90000_p[0.8, 0.2].out",368980,0,433,211677,289262,312513,720085,128.002029,98226424978,60154761982
"trace_random_size64_time900000_p[0.2, 0.8].out",1049909,0,0,7563,79281,1158581,180367,63.998028,243614,728412
"trace_random_size16_time9000000_p[0.5, 0.5].out",64667,0,0,19343,244738,759341,449979,16.772581,118234,422533
"trace_random_size64_time9000_p[0.2, 0.8].out",301908,230,15995,532506,555132,332572,180257,63.976368,55274181551,23259697620
"trace_random_size64_time90000000_p[0.5, 0.5].out",669380,0,0,9008,160060,874882,450614,63.96666,185501,726057
"trace_random_size16_time90000000_p[0.2, 0.8].out",82642,0,0,6983,106735,1043701,179411,16.766605,118265,414963
"trace_random_size64_time900000_p[0.5, 0.5].out",667437,0,0,12004,162295,870831,450034,63.980049,323994,727054
"trace_random_size64_time9000_p[0.5, 0.5].out",266645,45,6298,309235,457590,360895,450330,64.012932,69069057633,28924299777
"trace_random_size16_time9000000_p[0.2, 0.8].out",81689,0,0,7058,106879,1045355,179335,16.777813,118326,416758
"trace_random_size16_time90000_p[0.8, 0.2].out",33784,0,85,41900,474599,294867,719890,16.768354,3795865755,857246555
"trace_random_size16_time9000_p[0.2, 0.8].out",33636,8,3228,52282,705687,392339,180205,16.759624,21420148184,4820434388
"trace_random_size64_time900000_p[0.8, 0.2].out",283157,0,0,12824,199228,556214,719920,64.014214,391819,712553
"trace_random_size16_time90000_p[0.2, 0.8].out",62781,1,856,25650,359994,770319,179942,16.785225,459829,484433
"trace_random_size128_time900000_p[0.5, 0.5].out",1357837,0,0,204197,463171,377518,449898,128.010101,529204,1055472
"trace_random_size8_time9000_p[0.5, 0.5].out",13483,0,753,24937,664065,310440,450114,11.176718,26431350455,5175992553
"trace_random_size128_time9000_p[0.8, 0.2].out",365964,31,464,213064,287820,311906,720309,128.025604,134851352043,82279395076
"trace_random_size8_time90000000_p[0.5, 0.5].out",24069,0,0,15155,282442,702477,449988,11.174069,99616,381908
"trace_random_size128_time9000_p[0.2, 0.8].out",671346,711,17984,1159755,527359,158990,180770,128.018219,100587221519,61231337211
"trace_random_size32_time90000_p[0.2, 0.8].out",162160,22,4846,156771,583129,518758,180399,32.019344,946183,868228
"trace_random_size128_time9000_p[0.5, 0.5].out",578015,104,6913,669697,426992,241798,449809,128.034409,119785195374,72876379883
"trace_random_size32_time900000_p[0.8, 0.2].out",114178,0,0,24000,260520,503378,720394,32.03484,260987,515121
"trace_random_size16_time9000_p[0.5, 0.5].out",32526,3,1365,48978,641578,331166,450960,16.778292,31285018231,7060586947
"trace_random_size16_time90000000_p[0.5, 0.5].out",63890,0,0,19405,244118,760978,450231,16.765198,118192,422285
"trace_random_size8_time9000000_p[0.2, 0.8].out",24628,0,0,4691,115679,958775,179933,11.163061,99619,368790
"trace_random_size64_time90000_p[0.5, 0.5].out",270938,5,5966,307563,458585,362270,449703,64.02018,32827754066,13782452705
"trace_random_size32_time90000000_p[0.8, 0.2].out",114099,0,0,23803,259685,505365,720123,32.008244,155190,514507
"trace_random_size32_time90000_p[0.5, 0.5].out",102937,2,2426,125404,577455,363155,450083,32.061398,8034967505,2369469261
"trace_random_size16_time90000_p[0.5, 0.5].out",37589,0,950,45152,586246,390800,449961,16.752134,880919,668708
"trace_random_size8_time9000_p[0.8, 0.2].out",19967,0,70,31530,547618,277234,719683,11.156272,33977873816,6661244872
"trace_random_size32_time9000000_p[0.5, 0.5].out",230349,0,0,16758,206385,832715,450066,31.999882,155280,528098
"trace_random_size128_time9000000_p[0.5, 0.5].out",1371896,0,0,197714,463686,377565,449483,127.974159,285958,1052262
"trace_random_size64_time90000000_p[0.8, 0.2].out",284871,0,0,12154,199237,556658,719762,63.998981,185631,712991
"trace_random_size16_time900000_p[0.8, 0.2].out",47457,0,0,29284,321181,460132,719129,16.768175,190013,410660
"trace_random_size128_time90000_p[0.5, 0.5].out",578536,143,6813,670257,426261,241054,449576,128.040939,83250947938,50678425752
"trace_random_size32_time9000_p[0.2, 0.8].out",117888,50,7297,193799,693332,370972,180352,32.017899,32590594495,9611936430
"trace_random_size32_time90000000_p[0.2, 0.8].out",346844,0,0,6645,94756,1136516,179552,32.011681,155312,527440
"trace_random_size16_time9000_p[0.8, 0.2].out",33838,0,168,41991,475599,293724,720330,16.780977,38929410751,8791826215
"trace_random_size128_time90000000_p[0.2, 0.8].out",2146575,0,0,345792,655266,244630,180098,127.959946,284653,1057301
"trace_random_size64_time9000000_p[0.8, 0.2].out",284410,0,0,11968,198182,556456,719713,63.988636,185561,711914
"trace_random_size128_time90000000_p[0.8, 0.2].out",565917,0,0,76799,277234,402329,719266,128.005951,286702,1041438
"trace_random_size16_time900000_p[0.5, 0.5].out",64878,0,0,19679,246854,758526,449509,16.786852,168531,423463
"trace_random_size8_time900000_p[0.2, 0.8].out",24476,0,0,4822,118561,955280,181057,11.159227,117871,369537
"trace_random_size32_time900000_p[0.2, 0.8].out",345547,0,0,7606,97905,1133233,179649,32.031864,185196,528517
"trace_random_size32_time9000000_p[0.8, 0.2].out",114120,0,0,23513,260523,504448,720394,32.055885,155298,514743
"trace_random_size8_time90000000_p[0.2, 0.8].out",24674,0,0,4701,115879,958319,180078,11.171837,99648,369411
"trace_random_size8_time90000_p[0.8, 0.2].out",20476,0,43,31359,543584,280953,719791,11.153605,803492245,157556095
"trace_random_size32_time9000_p[0.8, 0.2].out",71479,0,314,61278,406837,325916,719802,32.016003,51937008991,15398689005
"trace_random_size32_time900000_p[0.5, 0.5].out",230137,0,0,17439,207459,829324,450266,32.056561,227046,528702
