filename,Normal_page_read_count,Multi-plane_one_shot_read_count,One_shot_read_count,Multi-plane_read_count,Multi-plane_SOML_read_count,SOML_read_count,Write_request_count,Write_request_average_size,Read_request_average_response_time,Write_request_average_response_time
"trace_random_size128_time9000000_p[0.8, 0.2].out",230061,0,49,260931,85310,558734,719737,128.008774,372796,1061701
"trace_random_size64_time9000_p[0.8, 0.2].out",112549,0,0,152245,313160,333493,720106,63.99715,78158945853,35742181641
"trace_random_size8_time9000_p[0.2, 0.8].out",10119,0,29,18913,738588,320747,179519,11.167798,17720306846,3607133404
"trace_random_size16_time900000_p[0.2, 0.8].out",75627,0,0,14545,203981,939184,180108,16.774288,139326,403919
"trace_random_size32_time9000000_p[0.2, 0.8].out",241162,0,0,111235,252494,874438,180970,32.027451,174448,531414
"trace_random_size8_time900000_p[0.5, 0.5].out",30103,0,0,9727,204935,785511,450001,11.166293,133746,363757
"trace_random_size32_time9000_p[0.5, 0.5].out",74467,2,16,152541,646357,275822,449913,32.031185,41633782606,13181282003
"trace_random_size128_time9000000_p[0.2, 0.8].out",624155,0,20,1170100,89213,687121,179717,128.004257,372419,1080720
"trace_random_size8_time90000_p[0.5, 0.5].out",19627,0,0,19581,529145,451279,450113,11.168029,682912,571668
"trace_random_size64_time9000000_p[0.2, 0.8].out",445737,0,3,496222,93778,771786,180070,64.042892,254372,771293
"trace_random_size64_time9000000_p[0.5, 0.5].out",324301,0,8,288191,104840,718317,450214,63.985874,254149,771641
"trace_random_size8_time9000000_p[0.8, 0.2].out",37734,0,0,15097,228664,611105,719835,11.167713,103229,354066
"trace_random_size128_time90000_p[0.2, 0.8].out",256486,483,1332,1387549,528541,170744,180091,128.021774,61611697568,38653245369
"trace_random_size64_time90000_p[0.8, 0.2].out",113067,0,0,151519,313675,333130,720381,64.036179,41942911147,19209721694
"trace_random_size16_time9000000_p[0.8, 0.2].out",60783,0,0,17633,188869,601350,719346,16.759941,124828,402363
"trace_random_size16_time90000000_p[0.8, 0.2].out",60647,0,0,17846,188905,601620,720102,16.768063,125304,402650
"trace_random_size64_time90000000_p[0.2, 0.8].out",447410,0,1,495768,93976,773189,179127,64.029213,254250,771813
"trace_random_size32_time90000_p[0.8, 0.2].out",60194,0,0,72613,418109,304433,719398,31.98834,14759120019,4673848890
"trace_random_size128_time900000_p[0.8, 0.2].out",231426,0,9,259785,88217,557409,719998,128.051682,689183,1125804
"trace_random_size8_time900000_p[0.8, 0.2].out",37921,0,0,15231,228678,610666,719842,11.172107,148751,360815
"trace_random_size8_time9000000_p[0.5, 0.5].out",29990,0,0,9443,202652,787932,449311,11.164676,103340,358739
"trace_random_size128_time900000_p[0.2, 0.8].out",625314,0,8,1170352,91995,683180,179527,127.967583,450893,1102483
"trace_random_size32_time90000000_p[0.5, 0.5].out",177529,0,0,69720,211333,772961,450495,32.001141,174312,535273
"trace_random_size8_time90000000_p[0.8, 0.2].out",37803,0,0,14975,228492,611388,720237,11.162965,103259,353787
"trace_random_size64_time90000_p[0.2, 0.8].out",150581,6,682,662787,630395,194650,180391,64.065239,17017339379,7794460951
"trace_random_size128_time90000000_p[0.5, 0.5].out",481075,0,35,685439,97100,660263,449211,128.014008,373228,1075296
"trace_random_size8_time90000_p[0.2, 0.8].out",20893,0,0,8371,323341,747317,179438,11.197803,343977,484809
"trace_random_size128_time90000_p[0.8, 0.2].out",192117,0,1,303348,236689,359906,720085,128.002029,96659555225,60870919367
"trace_random_size64_time900000_p[0.2, 0.8].out",445811,0,2,495115,95679,771166,180367,63.998211,293973,781156
"trace_random_size16_time9000000_p[0.5, 0.5].out",68105,0,0,16716,208202,797693,449979,16.772581,124950,410091
"trace_random_size64_time9000_p[0.2, 0.8].out",148381,79,663,661204,640407,190329,180257,63.976753,53219340002,24408865793
"trace_random_size64_time90000000_p[0.5, 0.5].out",322896,0,1,288425,104755,717830,450614,63.96666,253851,770515
"trace_random_size16_time90000000_p[0.2, 0.8].out",75585,0,0,14266,202064,940852,179411,16.766605,124928,400977
"trace_random_size64_time900000_p[0.5, 0.5].out",324264,0,0,288675,106429,716527,450034,63.980045,354846,797304
"trace_random_size64_time9000_p[0.5, 0.5].out",168950,8,66,391156,497199,274060,450330,64.012405,66899180668,30595606529
"trace_random_size16_time9000000_p[0.2, 0.8].out",74759,0,0,14229,202612,942215,179335,16.777813,125020,401601
"trace_random_size16_time90000_p[0.8, 0.2].out",33181,0,0,42749,482034,286589,719890,16.768085,2677195357,638792112
"trace_random_size16_time9000_p[0.2, 0.8].out",27374,0,57,58977,799950,300496,180205,16.759609,21943749130,5215028569
"trace_random_size64_time900000_p[0.8, 0.2].out",159722,0,0,111809,95919,584984,719920,64.014526,413576,796286
"trace_random_size16_time90000_p[0.2, 0.8].out",57320,0,1,31468,439194,687516,179942,16.785236,457523,583068
"trace_random_size128_time900000_p[0.5, 0.5].out",482682,0,34,683760,102143,654473,449898,128.010422,573862,1124324
"trace_random_size8_time9000_p[0.5, 0.5].out",12420,0,8,26193,715663,259607,450114,11.177022,25280443004,5168245103
"trace_random_size128_time9000_p[0.8, 0.2].out",191998,22,3,302758,235391,360351,720309,128.023239,133337949750,83740473453
"trace_random_size8_time90000000_p[0.5, 0.5].out",29960,0,0,9745,202596,787241,449988,11.174069,103375,359140
"trace_random_size128_time9000_p[0.2, 0.8].out",256735,564,1317,1385555,527766,172474,180770,128.020721,98134161969,61663425356
"trace_random_size32_time90000_p[0.2, 0.8].out",109933,0,141,210039,692512,369305,180399,32.019348,971543,914340
"trace_random_size128_time9000_p[0.5, 0.5].out",306790,63,177,813728,399345,273065,449809,128.036697,117399581714,73553840565
"trace_random_size32_time900000_p[0.8, 0.2].out",104289,0,0,34535,158411,594303,720394,32.03339,258200,544147
"trace_random_size16_time9000_p[0.5, 0.5].out",27407,0,13,54169,703396,268159,450960,16.778246,29807036361,7096007656
"trace_random_size16_time90000000_p[0.5, 0.5].out",67444,0,0,16641,208865,798198,450231,16.765198,124886,409759
"trace_random_size8_time9000000_p[0.2, 0.8].out",25271,0,0,4166,146952,927902,179933,11.163061,103428,345843
"trace_random_size64_time90000_p[0.5, 0.5].out",169843,0,66,391612,494359,277219,449703,64.019669,30705270055,14055668488
"trace_random_size32_time90000000_p[0.8, 0.2].out",103786,0,0,34776,157028,596389,720123,32.008244,174316,526174
"trace_random_size32_time90000_p[0.5, 0.5].out",75882,0,39,151810,641276,280749,450083,32.06221,6128253417,1934529673
"trace_random_size16_time90000_p[0.5, 0.5].out",35864,0,3,47232,607892,369552,449961,16.751711,868799,692718
"trace_random_size8_time9000_p[0.8, 0.2].out",20687,0,0,31179,546896,278141,719683,11.156291,32738712803,6710614992
"trace_random_size32_time9000000_p[0.5, 0.5].out",177179,0,0,69869,212231,773816,450066,31.999882,174311,535592
"trace_random_size128_time9000000_p[0.5, 0.5].out",482398,0,50,684377,98330,658944,449483,127.974159,373196,1076833
"trace_random_size64_time90000000_p[0.8, 0.2].out",159306,0,0,112869,94058,585970,719762,63.998981,254477,760043
"trace_random_size16_time900000_p[0.8, 0.2].out",60197,0,0,17874,188436,602957,719129,16.768488,179113,412611
"trace_random_size128_time90000_p[0.5, 0.5].out",306557,173,178,813773,398813,273171,449576,128.036774,80856277735,50750793825
"trace_random_size32_time9000_p[0.2, 0.8].out",76561,4,221,236403,797635,244290,180352,32.018002,32002553913,10080268264
"trace_random_size32_time90000000_p[0.2, 0.8].out",241909,0,0,110593,252642,875661,179552,32.011681,174355,531710
"trace_random_size16_time9000_p[0.8, 0.2].out",33254,0,0,42710,484326,284642,720330,16.781254,37587987495,8962289343
"trace_random_size128_time90000000_p[0.2, 0.8].out",626246,0,15,1168350,88895,686170,180098,127.959946,372256,1081647
"trace_random_size64_time9000000_p[0.8, 0.2].out",158320,0,2,113035,94452,584134,719713,63.988636,254316,759903
"trace_random_size128_time90000000_p[0.8, 0.2].out",229477,0,37,261706,86064,560015,719266,128.005951,373106,1062229
"trace_random_size16_time900000_p[0.5, 0.5].out",68553,0,0,16724,210114,797493,449509,16.787037,160661,417297
"trace_random_size8_time900000_p[0.2, 0.8].out",25237,0,0,4203,148292,926021,181057,11.159147,115386,347475
"trace_random_size32_time900000_p[0.2, 0.8].out",240690,0,0,111494,254076,874137,179649,32.031761,196056,537686
"trace_random_size32_time9000000_p[0.8, 0.2].out",103890,0,0,34553,158061,595062,720394,32.055885,174583,526584
"trace_random_size8_time90000000_p[0.2, 0.8].out",25231,0,0,4262,145147,929372,180078,11.171837,103454,346240
"trace_random_size8_time90000_p[0.8, 0.2].out",22114,0,0,30067,534143,291465,719791,11.153537,330704677,68128055
"trace_random_size32_time9000_p[0.8, 0.2].out",59993,0,0,72742,417825,304425,719802,32.016933,50352794838,15976966773
"trace_random_size32_time900000_p[0.5, 0.5].out",176937,0,0,70671,212148,771368,450266,32.056911,228671,548686
