filename,Normal_page_read_count,Multi-plane_one_shot_read_count,One_shot_read_count,Multi-plane_read_count,Multi-plane_SOML_read_count,SOML_read_count,Write_request_count,Write_request_average_size,Read_request_average_response_time,Write_request_average_response_time
"trace_seq_size8_time9000000_p[0.8, 0.2].out",25888,2,400,22240,13744,206706,720243,11.18881,76985,130621
"trace_seq_size128_time9000_p[0.5, 0.5].out",520516,364,18512,561479,401004,231778,450186,128.022369,114183302866,64528359610
"trace_seq_size32_time9000_p[0.5, 0.5].out",80752,47,4455,141573,355731,210590,450036,32.029503,32056378798,7550152911
"trace_seq_size64_time900000_p[0.5, 0.5].out",615607,0,1656,753,161882,834271,450143,63.991653,312020,668317
"trace_seq_size16_time9000_p[0.8, 0.2].out",29398,4,1014,43438,119048,98592,719914,16.767387,13541391809,1656697272
"trace_seq_size32_time9000000_p[0.2, 0.8].out",302162,1,775,34603,63078,1098880,179726,31.975073,148520,538508
"trace_seq_size8_time90000_p[0.5, 0.5].out",22968,54,905,47173,76606,373472,449570,11.195148,213041,217297
"trace_seq_size8_time9000_p[0.2, 0.8].out",10053,14,1563,36098,209698,167502,179878,11.185862,3164930800,1059173197
"trace_seq_size128_time900000_p[0.8, 0.2].out",575109,0,673,18987,136316,327532,719521,128.013672,611784,919273
"trace_seq_size128_time90000000_p[0.8, 0.2].out",574204,0,603,18214,135508,328199,720456,127.995102,279763,920633
"trace_seq_size8_time90000_p[0.2, 0.8].out",22329,13,879,30727,65394,586795,180431,11.16668,134628,319000
"trace_seq_size16_time9000000_p[0.8, 0.2].out",43493,0,581,30056,19108,250319,719676,16.785879,98544,191914
"trace_seq_size128_time90000000_p[0.5, 0.5].out",1457627,0,1592,60010,305896,642001,449896,127.987587,285775,1017924
"trace_seq_size128_time90000000_p[0.2, 0.8].out",2363676,0,864,119927,317396,854446,179818,128.003525,291711,1105773
"trace_seq_size32_time90000_p[0.2, 0.8].out",173713,18,1457,102037,232212,467555,180356,31.986338,500196,663991
"trace_seq_size64_time9000000_p[0.2, 0.8].out",1044218,0,511,0,114030,1176411,179984,64.037712,185604,764760
"trace_seq_size32_time9000_p[0.8, 0.2].out",65443,4,1378,64975,143867,149313,719940,32.006836,31211407813,5936729082
"trace_seq_size32_time90000000_p[0.8, 0.2].out",109747,0,706,25285,43104,317449,719749,32.005428,143508,333315
"trace_seq_size128_time90000_p[0.5, 0.5].out",523483,306,18697,559788,401372,233537,449907,127.986732,77662213512,43962549110
"trace_seq_size32_time90000_p[0.8, 0.2].out",75342,4,1231,55438,128647,171481,720195,32.038841,1003276,421779
"trace_seq_size16_time90000_p[0.8, 0.2].out",40842,3,775,31988,36939,203129,720167,16.798141,446334,201254
"trace_seq_size32_time9000_p[0.2, 0.8].out",98394,137,4740,153816,356905,263592,180480,31.983316,21937813570,6232376116
"trace_seq_size8_time9000000_p[0.5, 0.5].out",26517,55,892,44996,54312,520148,449749,11.149608,82495,205662
"trace_seq_size64_time900000_p[0.8, 0.2].out",233407,0,499,60,67784,414665,720046,63.989891,334111,561238
"trace_seq_size128_time900000_p[0.5, 0.5].out",1442183,0,2148,66292,304046,631215,449564,128.003372,541533,1017544
"trace_seq_size8_time900000_p[0.5, 0.5].out",26109,53,935,45011,53769,517248,450823,11.156096,101640,205216
"trace_seq_size8_time900000_p[0.8, 0.2].out",25741,1,378,22157,13846,205777,721109,11.161968,91616,130189
"trace_seq_size16_time90000000_p[0.2, 0.8].out",71724,5,1019,38207,41832,956711,180143,16.835958,107321,381915
"trace_seq_size8_time90000000_p[0.8, 0.2].out",25941,1,417,22429,13958,207767,719512,11.168679,77026,130700
"trace_seq_size16_time9000_p[0.2, 0.8].out",22695,31,2461,60328,285244,201519,180318,16.769569,7227943015,2162185883
"trace_seq_size128_time9000_p[0.8, 0.2].out",353377,26,5078,147836,172268,212216,719969,128.002304,118058700643,63526020802
"trace_seq_size16_time9000_p[0.5, 0.5].out",28590,45,2679,80911,282534,144582,450719,16.798241,13239480186,2520904790
"trace_seq_size64_time90000000_p[0.5, 0.5].out",619073,0,1719,0,159864,842669,450367,64.023773,184047,667618
"trace_seq_size128_time900000_p[0.2, 0.8].out",2338307,0,1828,128903,318577,838833,179873,128.001373,413262,1109833
"trace_seq_size8_time9000_p[0.5, 0.5].out",15381,33,1669,51969,229793,110400,449295,11.180717,6483406990,1149752336
"trace_seq_size64_time90000000_p[0.8, 0.2].out",234228,0,480,0,67384,415163,720069,64.013161,182383,559609
"trace_seq_size32_time90000_p[0.5, 0.5].out",89555,40,4056,139987,331640,230415,449569,32.034176,2200432,1134091
"trace_seq_size64_time90000000_p[0.2, 0.8].out",1043543,0,478,0,114552,1175943,180286,63.966087,185643,766120
"trace_seq_size32_time9000000_p[0.8, 0.2].out",113113,0,711,26709,40418,314498,719753,32.022396,143518,333582
"trace_seq_size32_time90000000_p[0.2, 0.8].out",301326,0,772,35360,61746,1096645,180292,32.07019,148375,538818
"trace_seq_size8_time900000_p[0.2, 0.8].out",26283,15,951,29183,44361,854325,180169,11.166403,100618,302482
"trace_seq_size16_time90000000_p[0.8, 0.2].out",43415,1,559,30054,19026,248898,720215,16.771118,98405,191418
"trace_seq_size16_time900000_p[0.2, 0.8].out",71178,7,986,38020,41076,955110,179279,16.807735,126479,381754
"trace_seq_size8_time90000_p[0.8, 0.2].out",24887,2,377,22831,19521,180568,720238,11.171127,262799,134440
"trace_seq_size8_time90000000_p[0.2, 0.8].out",26576,6,962,28933,43955,857973,180024,11.171506,88037,303041
"trace_seq_size128_time90000_p[0.8, 0.2].out",354974,3,5013,147574,172001,213530,719737,128.01947,82071428616,44031673246
"trace_seq_size32_time900000_p[0.2, 0.8].out",300843,1,749,35449,61788,1091506,180205,32.019505,183578,540466
"trace_seq_size16_time9000000_p[0.5, 0.5].out",59809,48,1718,60177,54145,600633,450299,16.784006,102906,282341
"trace_seq_size32_time900000_p[0.8, 0.2].out",108445,3,692,24349,44146,317208,720319,32.033054,205356,333272
"trace_seq_size64_time9000000_p[0.8, 0.2].out",234533,0,495,0,67468,416750,719682,63.984432,182422,560976
"trace_seq_size32_time9000000_p[0.5, 0.5].out",208467,6,2141,51734,95396,720354,450157,31.999844,146032,438885
"trace_seq_size128_time9000_p[0.2, 0.8].out",530223,2146,23288,1014553,433534,161776,180908,127.977493,93420909758,55457941204
"trace_seq_size64_time90000_p[0.5, 0.5].out",205817,55,7828,264169,395396,267613,450567,64.008904,25078870194,9134741585
"trace_seq_size64_time9000_p[0.2, 0.8].out",274420,576,10384,423985,395454,226850,180116,63.964722,47704634920,19118847313
"trace_seq_size16_time9000000_p[0.2, 0.8].out",70945,4,941,38135,41484,957760,180166,16.743074,107240,380035
"trace_seq_size128_time9000000_p[0.5, 0.5].out",1458849,0,1518,60523,305262,641696,449679,127.998535,285771,1016741
"trace_seq_size8_time90000000_p[0.5, 0.5].out",26620,52,872,44900,54003,521228,449248,11.161341,82552,205677
"trace_seq_size16_time900000_p[0.8, 0.2].out",43402,2,551,30068,18893,249311,719783,16.773966,124930,191559
"trace_seq_size32_time90000000_p[0.5, 0.5].out",208716,8,2224,50425,97856,722084,449838,32.041325,146138,439184
"trace_seq_size64_time9000_p[0.8, 0.2].out",125767,4,1702,80492,167712,229271,719266,63.977142,61036431887,19950866450
"trace_seq_size64_time90000_p[0.2, 0.8].out",290448,528,10124,414868,389741,237629,180337,64.031532,11732420012,4693084052
"trace_seq_size64_time9000000_p[0.5, 0.5].out",619285,0,1732,0,160594,843847,449697,64.007889,184008,668248
"trace_seq_size16_time90000_p[0.5, 0.5].out",46797,44,3019,67169,112803,374942,450037,16.797852,363390,306620
"trace_seq_size16_time90000_p[0.2, 0.8].out",55721,6,2408,44509,88510,578438,180357,16.781441,208314,413633
"trace_seq_size128_time90000_p[0.2, 0.8].out",527968,2196,23433,1016635,435136,161325,179721,128.020279,56731114516,33843166142
"trace_seq_size128_time9000000_p[0.2, 0.8].out",2365697,0,866,120390,318238,853594,179340,128.004898,291712,1105969
"trace_seq_size8_time9000000_p[0.2, 0.8].out",26694,10,943,28772,43859,856953,179939,11.169279,88033,302109
"trace_seq_size32_time900000_p[0.5, 0.5].out",207782,9,2225,52221,94800,715495,450345,32.056667,209266,440329
"trace_seq_size64_time90000_p[0.8, 0.2].out",126722,0,1694,78748,164509,233024,720168,64.059868,25056598293,8185124857
"trace_seq_size64_time9000_p[0.5, 0.5].out",201322,86,7979,268047,399240,262886,449503,64.057739,61283582195,22253710436
"trace_seq_size16_time90000000_p[0.5, 0.5].out",59759,41,1664,60232,53862,601009,449732,16.800346,102833,281997
"trace_seq_size128_time9000000_p[0.8, 0.2].out",577397,0,589,18352,136644,329763,719530,128.043121,280026,919897
"trace_seq_size64_time900000_p[0.2, 0.8].out",1039369,0,481,1255,117874,1160990,180132,63.985661,250543,766787
"trace_seq_size16_time900000_p[0.5, 0.5].out",59127,44,1585,60172,54059,596629,450375,16.771227,134311,282045
"trace_seq_size8_time9000_p[0.8, 0.2].out",18715,2,820,30360,98415,72856,719325,11.160944,6952850390,668189189
