filename,Normal_page_read_count,Multi-plane_one_shot_read_count,One_shot_read_count,Multi-plane_read_count,Multi-plane_SOML_read_count,SOML_read_count,Write_request_count,Write_request_average_size,Read_request_average_response_time,Write_request_average_response_time
"trace_random_size128_time9000000_p[0.8, 0.2].out",110144,0,0,341679,142085,460526,719737,128.008774,504199,1156306
"trace_random_size64_time9000_p[0.8, 0.2].out",75212,20,101,173588,329808,311074,720106,63.997528,84193871255,37721991957
"trace_random_size8_time9000_p[0.2, 0.8].out",9588,1,940,19181,754064,302536,179519,11.167815,16804847601,3308054046
"trace_random_size16_time900000_p[0.2, 0.8].out",52731,0,0,36939,556549,564728,180108,16.774429,145985,422511
"trace_random_size32_time9000000_p[0.2, 0.8].out",109632,0,0,240767,605643,393763,180970,32.027451,188153,543301
"trace_random_size8_time900000_p[0.5, 0.5].out",21127,0,0,18038,438835,543965,450001,11.166112,144714,386267
"trace_random_size32_time9000_p[0.5, 0.5].out",67224,20,404,163255,665678,241055,449913,32.031185,44536467728,13629259268
"trace_random_size128_time9000000_p[0.2, 0.8].out",301920,0,0,1403106,97853,534764,179717,128.004257,500040,1174679
"trace_random_size8_time90000_p[0.5, 0.5].out",15307,0,128,23358,624254,352554,450113,11.167789,628874,517447
"trace_random_size64_time9000000_p[0.2, 0.8].out",191927,0,0,681285,188112,561141,180070,64.042892,306959,775173
"trace_random_size64_time9000000_p[0.5, 0.5].out",158617,0,0,411498,242037,500217,450214,63.985874,309674,772223
"trace_random_size8_time9000000_p[0.8, 0.2].out",24517,0,0,27157,456217,372649,719835,11.167713,107713,377308
"trace_random_size128_time90000_p[0.2, 0.8].out",178775,6332,4866,1397384,511980,199650,180091,128.022568,67468512092,46866311371
"trace_random_size64_time90000_p[0.8, 0.2].out",75689,5,117,173150,328072,312470,720381,64.03624,47960658247,21570942343
"trace_random_size16_time9000000_p[0.8, 0.2].out",41170,0,0,35727,419391,354260,719346,16.759941,132353,417774
"trace_random_size16_time90000000_p[0.8, 0.2].out",41152,0,0,35757,420624,353575,720102,16.768063,132831,418016
"trace_random_size64_time90000000_p[0.2, 0.8].out",191298,0,0,682612,187879,561712,179127,64.029213,307013,775937
"trace_random_size32_time90000_p[0.8, 0.2].out",52678,0,34,80619,461400,252545,719398,31.988146,17962727662,5499586463
"trace_random_size128_time900000_p[0.8, 0.2].out",108996,0,6,342309,143625,459394,719998,128.049194,713834,1211506
"trace_random_size8_time900000_p[0.8, 0.2].out",24650,0,0,27255,455876,372691,719842,11.172153,161648,377558
"trace_random_size8_time9000000_p[0.5, 0.5].out",21016,0,0,17776,439141,543758,449311,11.164676,107620,385442
"trace_random_size128_time900000_p[0.2, 0.8].out",301629,3,1,1403614,101621,530719,179527,127.967606,555455,1188191
"trace_random_size32_time90000000_p[0.5, 0.5].out",97573,0,0,147939,514492,393320,450495,32.001141,190949,544267
"trace_random_size8_time90000000_p[0.8, 0.2].out",24489,0,0,27149,455492,373359,720237,11.162965,107788,377067
"trace_random_size64_time90000_p[0.2, 0.8].out",109452,847,3411,678368,605734,216048,180391,64.064491,20397272482,9187947472
"trace_random_size128_time90000000_p[0.5, 0.5].out",226539,0,0,861464,141064,518891,449211,128.014008,502202,1170026
"trace_random_size8_time90000_p[0.2, 0.8].out",16252,0,76,12807,520766,545440,179438,11.197726,321918,418495
"trace_random_size128_time90000_p[0.8, 0.2].out",101871,41,207,347991,237019,359666,720085,128.002029,108628259848,75632761312
"trace_random_size64_time900000_p[0.2, 0.8].out",191089,0,0,681081,190164,559481,180367,63.998028,335986,775707
"trace_random_size16_time9000000_p[0.5, 0.5].out",47915,0,0,35810,495561,492341,449979,16.772581,131784,430215
"trace_random_size64_time9000_p[0.2, 0.8].out",108557,852,3395,678123,608630,215260,180257,63.976833,56763118032,25511119978
"trace_random_size64_time90000000_p[0.5, 0.5].out",158730,0,0,411141,241252,500071,450614,63.96666,309536,772300
"trace_random_size16_time90000000_p[0.2, 0.8].out",52595,0,0,36827,554951,565834,179411,16.766605,130347,422440
"trace_random_size64_time900000_p[0.5, 0.5].out",158448,0,0,412256,242149,499462,450034,63.980072,379324,773772
"trace_random_size64_time9000_p[0.5, 0.5].out",117135,130,1139,420363,474701,286006,450330,64.013229,71862632555,32257988143
"trace_random_size16_time9000000_p[0.2, 0.8].out",52207,0,0,36341,557411,565743,179335,16.777813,130401,423830
"trace_random_size16_time90000_p[0.8, 0.2].out",31224,0,18,44168,514012,253685,719890,16.768158,4556811303,1050521802
"trace_random_size16_time9000_p[0.2, 0.8].out",26242,23,1233,59864,834197,261946,180205,16.759655,21460785292,4921256965
"trace_random_size64_time900000_p[0.8, 0.2].out",87566,0,0,167218,230290,411951,719920,64.013199,414595,760119
"trace_random_size16_time90000_p[0.2, 0.8].out",42021,1,290,46406,675440,435817,179942,16.785261,420320,502144
"trace_random_size128_time900000_p[0.5, 0.5].out",224400,1,10,860739,144746,516258,449898,128.013382,638618,1205231
"trace_random_size8_time9000_p[0.5, 0.5].out",12508,0,411,25722,698226,276709,450114,11.177035,26722641065,5295463676
"trace_random_size128_time9000_p[0.8, 0.2].out",101954,98,219,347247,236795,358906,720309,128.023239,145310796265,100831950965
"trace_random_size8_time90000000_p[0.5, 0.5].out",20952,0,0,18024,437017,545275,449988,11.174069,107620,385619
"trace_random_size128_time9000_p[0.2, 0.8].out",178352,6344,4815,1395823,512692,200233,180770,128.021164,103927015984,71968475343
"trace_random_size32_time90000_p[0.2, 0.8].out",69798,68,875,251540,798127,218224,180399,32.019466,937791,1126873
"trace_random_size128_time9000_p[0.5, 0.5].out",181670,1001,1478,871989,365772,305706,449809,128.036285,126357629432,87573462235
"trace_random_size32_time900000_p[0.8, 0.2].out",64923,0,0,72457,387281,328955,720394,32.033779,259653,531574
"trace_random_size16_time9000_p[0.5, 0.5].out",28658,4,504,52793,704630,266932,450960,16.778383,31728591884,7303361960
"trace_random_size16_time90000000_p[0.5, 0.5].out",47066,0,0,35899,496853,492084,450231,16.765198,131747,429501
"trace_random_size8_time9000000_p[0.2, 0.8].out",19484,0,0,9744,400122,669364,179933,11.163061,106844,372211
"trace_random_size64_time90000_p[0.5, 0.5].out",116091,54,996,422095,474812,286448,449703,64.020126,35483063103,15927613322
"trace_random_size32_time90000000_p[0.8, 0.2].out",64734,0,0,72384,387397,329851,720123,32.008244,192506,531444
"trace_random_size32_time90000_p[0.5, 0.5].out",67171,4,341,164095,664109,241134,450083,32.061535,8975731678,2741030593
"trace_random_size16_time90000_p[0.5, 0.5].out",30840,0,252,51521,684481,288660,449961,16.751667,897900,834152
"trace_random_size8_time9000_p[0.8, 0.2].out",19127,0,34,32231,568518,255888,719683,11.156047,34502147059,6846476275
"trace_random_size32_time9000000_p[0.5, 0.5].out",97584,0,0,147785,517010,392800,450066,31.999882,190919,544461
"trace_random_size128_time9000000_p[0.5, 0.5].out",226300,0,0,860974,140291,520037,449483,127.974159,502099,1170725
"trace_random_size64_time90000000_p[0.8, 0.2].out",88225,0,0,167169,230949,411557,719762,63.998981,311601,758817
"trace_random_size16_time900000_p[0.8, 0.2].out",40916,0,0,35596,420673,354566,719129,16.768288,186579,417881
"trace_random_size128_time90000_p[0.5, 0.5].out",181799,921,1464,873092,364229,305530,449576,128.038483,89855195828,62247718857
"trace_random_size32_time9000_p[0.2, 0.8].out",61986,127,1241,255796,823589,190324,180352,32.018085,33123621950,10098396411
"trace_random_size32_time90000000_p[0.2, 0.8].out",110065,0,0,240454,608748,391682,179552,32.011681,188049,543550
"trace_random_size16_time9000_p[0.8, 0.2].out",31148,0,49,44350,514621,253029,720330,16.781282,39675208944,9137902193
"trace_random_size128_time90000000_p[0.2, 0.8].out",303708,0,0,1401824,97395,533306,180098,127.959946,500009,1173653
"trace_random_size64_time9000000_p[0.8, 0.2].out",88043,0,0,167116,229664,411045,719713,63.988636,311490,758157
"trace_random_size128_time90000000_p[0.8, 0.2].out",109542,0,0,342877,142527,461257,719266,128.005951,503701,1156690
"trace_random_size16_time900000_p[0.5, 0.5].out",47890,0,0,36354,498353,490655,449509,16.787197,168952,430454
"trace_random_size8_time900000_p[0.2, 0.8].out",19474,0,0,9750,400994,667998,181057,11.15909,121732,372040
"trace_random_size32_time900000_p[0.2, 0.8].out",110065,0,0,240116,609822,391779,179649,32.031483,206890,544610
"trace_random_size32_time9000000_p[0.8, 0.2].out",64320,0,0,72535,387749,328981,720394,32.055885,192578,531169
"trace_random_size8_time90000000_p[0.2, 0.8].out",19560,0,0,9730,400914,668346,180078,11.171837,106865,372581
"trace_random_size8_time90000_p[0.8, 0.2].out",19614,0,14,31985,565973,258265,719791,11.153598,1182043087,234607986
"trace_random_size32_time9000_p[0.8, 0.2].out",52149,10,41,81015,461134,252230,719802,32.016193,53470138530,16408182397
"trace_random_size32_time900000_p[0.5, 0.5].out",97683,0,0,148156,515396,392407,450266,32.057087,236870,545445
