filename,Normal_page_read_count,Multi-plane_one_shot_read_count,One_shot_read_count,Multi-plane_read_count,Multi-plane_SOML_read_count,SOML_read_count,Write_request_count,Write_request_average_size,Read_request_average_response_time,Write_request_average_response_time
"trace_random_size128_time9000000_p[0.8, 0.2].out",422345,0,0,147398,68783,610170,719737,128.008774,378923,1341484
"trace_random_size64_time9000_p[0.8, 0.2].out",136641,7,903,131100,298107,363958,720106,63.997295,78703429732,38631884081
"trace_random_size8_time9000_p[0.2, 0.8].out",10869,0,909,18080,710750,346736,179519,11.16764,18076549072,3707530814
"trace_random_size16_time900000_p[0.2, 0.8].out",80236,0,0,9894,141121,1006668,180108,16.774506,137429,405503
"trace_random_size32_time9000000_p[0.2, 0.8].out",307628,0,0,45383,135912,1056219,180970,32.027451,165660,541821
"trace_random_size8_time900000_p[0.5, 0.5].out",30121,0,0,9649,210453,779954,450001,11.166232,132588,361320
"trace_random_size32_time9000_p[0.5, 0.5].out",82497,21,2261,142606,629951,297173,449913,32.030952,41918504031,13612938383
"trace_random_size128_time9000000_p[0.2, 0.8].out",1971425,0,0,374159,165689,855298,179717,128.004257,333454,1358132
"trace_random_size8_time90000_p[0.5, 0.5].out",19998,0,261,19120,516917,463079,450113,11.167882,687152,569718
"trace_random_size64_time9000000_p[0.2, 0.8].out",892138,0,0,138789,79516,1054501,180070,64.042892,215075,817522
"trace_random_size64_time9000000_p[0.5, 0.5].out",510559,0,0,137991,85931,851373,450214,63.985874,226464,818758
"trace_random_size8_time9000000_p[0.8, 0.2].out",37746,0,0,15090,239893,599675,719835,11.167713,102928,356109
"trace_random_size128_time90000_p[0.2, 0.8].out",496668,5374,21059,1239280,438754,228328,180091,128.022568,63388014519,52181359609
"trace_random_size64_time90000_p[0.8, 0.2].out",137693,0,925,129826,299092,363663,720381,64.036377,42476417390,20894356274
"trace_random_size16_time9000000_p[0.8, 0.2].out",60978,0,0,17355,203925,586542,719346,16.759941,123879,407065
"trace_random_size16_time90000000_p[0.8, 0.2].out",61197,0,0,17213,204218,586907,720102,16.768063,124231,407205
"trace_random_size64_time90000000_p[0.2, 0.8].out",893125,0,0,138606,79424,1056337,179127,64.029213,215149,818662
"trace_random_size32_time90000_p[0.8, 0.2].out",65027,0,180,67861,413934,312685,719398,31.988327,14897091153,4839145008
"trace_random_size128_time900000_p[0.8, 0.2].out",424141,0,80,146563,71904,607216,719998,128.051651,761004,1440814
"trace_random_size8_time900000_p[0.8, 0.2].out",38294,0,0,14745,240748,598989,719842,11.171897,146934,356161
"trace_random_size8_time9000000_p[0.5, 0.5].out",29866,0,0,9540,209534,780826,449311,11.164676,102973,360838
"trace_random_size128_time900000_p[0.2, 0.8].out",1964537,0,191,379763,165089,851475,179527,127.967735,440581,1390518
"trace_random_size32_time90000000_p[0.5, 0.5].out",198908,0,0,48496,187035,818274,450495,32.001141,168081,546336
"trace_random_size8_time90000000_p[0.8, 0.2].out",37777,0,0,14966,239484,600236,720237,11.162965,102962,356098
"trace_random_size64_time90000_p[0.2, 0.8].out",238598,873,9199,578791,612611,261639,180391,64.064163,17664729610,8706585204
"trace_random_size128_time90000000_p[0.5, 0.5].out",1119960,0,0,308822,119321,752481,449211,128.014008,359370,1355309
"trace_random_size8_time90000_p[0.2, 0.8].out",21333,0,156,7920,295947,774593,179438,11.19765,343035,479650
"trace_random_size128_time90000_p[0.8, 0.2].out",284042,20,4314,247911,214420,388045,720085,128.002029,98068919097,81036758776
"trace_random_size64_time900000_p[0.2, 0.8].out",889242,0,0,139769,80224,1053868,180367,63.998211,263847,820885
"trace_random_size16_time9000000_p[0.5, 0.5].out",69249,0,0,15457,202944,804231,449979,16.772581,123606,414604
"trace_random_size64_time9000_p[0.2, 0.8].out",227937,1065,9144,584258,622005,251696,180257,63.976612,53892047834,26546686772
"trace_random_size64_time90000000_p[0.5, 0.5].out",509894,0,0,137637,85241,851898,450614,63.96666,226240,818481
"trace_random_size16_time90000000_p[0.2, 0.8].out",80016,0,0,9771,140414,1007004,179411,16.766605,123012,404481
"trace_random_size64_time900000_p[0.5, 0.5].out",511389,0,0,137840,87114,850352,450034,63.979965,339225,827070
"trace_random_size64_time9000_p[0.5, 0.5].out",211830,104,5521,349116,481914,313567,450330,64.01265,67626467968,33231536927
"trace_random_size16_time9000000_p[0.2, 0.8].out",79344,0,0,9625,140724,1008640,179335,16.777813,123051,405568
"trace_random_size16_time90000_p[0.8, 0.2].out",33759,0,69,42089,478526,290537,719890,16.76782,2690298101,651096442
"trace_random_size16_time9000_p[0.2, 0.8].out",30812,12,1625,55198,754645,345066,180205,16.75938,22327403635,5378808011
"trace_random_size64_time900000_p[0.8, 0.2].out",208221,0,0,72095,76535,635272,719920,64.014214,400876,820461
"trace_random_size16_time90000_p[0.2, 0.8].out",62352,2,418,26278,371298,759439,179942,16.785484,462173,586947
"trace_random_size128_time900000_p[0.5, 0.5].out",1112596,0,290,312333,122648,746122,449898,128.009674,616870,1427608
"trace_random_size8_time9000_p[0.5, 0.5].out",12655,0,531,25860,708367,265608,450114,11.176909,25327697686,5218902787
"trace_random_size128_time9000_p[0.8, 0.2].out",282960,42,4321,247650,213603,388303,720309,128.023117,134753748603,110907189989
"trace_random_size8_time90000000_p[0.5, 0.5].out",29982,0,0,9657,209035,780776,449988,11.174069,102995,361366
"trace_random_size128_time9000_p[0.2, 0.8].out",498769,5188,21043,1237495,437282,230081,180770,128.016205,99934985906,82239515153
"trace_random_size32_time90000_p[0.2, 0.8].out",140981,156,2598,175914,634058,456623,180399,32.019611,1032427,954901
"trace_random_size128_time9000_p[0.5, 0.5].out",454530,1178,12517,726988,343591,310827,449809,128.034836,119264793808,98008202688
"trace_random_size32_time900000_p[0.8, 0.2].out",108867,0,0,30019,174877,582244,720394,32.033974,250442,538136
"trace_random_size16_time9000_p[0.5, 0.5].out",28498,0,937,52910,689562,280551,450960,16.777981,29926522982,7224241174
"trace_random_size16_time90000000_p[0.5, 0.5].out",68717,0,0,15287,203012,805399,450231,16.765198,123521,414205
"trace_random_size8_time9000000_p[0.2, 0.8].out",25551,0,0,3858,129766,945302,179933,11.163061,102779,347880
"trace_random_size64_time90000_p[0.5, 0.5].out",214372,101,5578,348365,480765,315615,449703,64.020477,31348644995,15412505636
"trace_random_size32_time90000000_p[0.8, 0.2].out",108687,0,0,29892,175886,582336,720123,32.008244,169635,537546
"trace_random_size32_time90000_p[0.5, 0.5].out",85742,15,2212,140562,622032,305977,450083,32.062817,6412295530,2076279428
"trace_random_size16_time90000_p[0.5, 0.5].out",38151,0,820,44776,585044,392483,449961,16.751566,879540,697434
"trace_random_size8_time9000_p[0.8, 0.2].out",20797,0,15,31045,545478,279472,719683,11.15621,32731339805,6758528978
"trace_random_size32_time9000000_p[0.5, 0.5].out",198951,0,0,48242,186934,820539,450066,31.999882,168046,546737
"trace_random_size128_time9000000_p[0.5, 0.5].out",1118894,0,0,309424,120139,750676,449483,127.974159,359489,1355001
"trace_random_size64_time90000000_p[0.8, 0.2].out",209058,0,0,72023,76123,635829,719762,63.998981,234695,808073
"trace_random_size16_time900000_p[0.8, 0.2].out",60700,0,0,17306,204347,587566,719129,16.767277,176290,407244
"trace_random_size128_time90000_p[0.5, 0.5].out",455417,1283,12570,726989,342081,310753,449576,128.03891,82724626148,68039187371
"trace_random_size32_time9000_p[0.2, 0.8].out",98257,160,3728,211529,751138,307335,180352,32.018353,32439978694,10474280272
"trace_random_size32_time90000000_p[0.2, 0.8].out",308165,0,0,45011,135200,1057965,179552,32.011681,165527,542179
"trace_random_size16_time9000_p[0.8, 0.2].out",33551,0,63,42385,479862,289182,720330,16.781248,37630728103,9100006537
"trace_random_size128_time90000000_p[0.2, 0.8].out",1969737,0,0,374640,164867,854159,180098,127.959946,333409,1357465
"trace_random_size64_time9000000_p[0.8, 0.2].out",208121,0,0,72215,76417,634003,719713,63.988636,234309,807396
"trace_random_size128_time90000000_p[0.8, 0.2].out",422490,0,0,148177,69038,611183,719266,128.005951,379289,1341545
"trace_random_size16_time900000_p[0.5, 0.5].out",69552,0,0,15684,203072,805538,449509,16.78713,159021,415112
"trace_random_size8_time900000_p[0.2, 0.8].out",25391,0,0,4027,131233,943154,181057,11.159042,114841,347593
"trace_random_size32_time900000_p[0.2, 0.8].out",307824,0,0,45059,137333,1056583,179649,32.031555,188770,542419
"trace_random_size32_time9000000_p[0.8, 0.2].out",108638,0,0,29784,174698,583162,720394,32.055885,169708,537678
"trace_random_size8_time90000000_p[0.2, 0.8].out",25633,0,0,3831,130107,944757,180078,11.171837,102830,347988
"trace_random_size8_time90000_p[0.8, 0.2].out",22055,0,16,30034,533237,292216,719791,11.15363,316265288,65665865
"trace_random_size32_time9000_p[0.8, 0.2].out",64852,5,180,67863,416772,309743,719802,32.016647,50478943985,16428042319
"trace_random_size32_time900000_p[0.5, 0.5].out",198956,0,0,48782,186670,818556,450266,32.057598,222668,547409
