filename,Normal_page_read_count,Multi-plane_one_shot_read_count,One_shot_read_count,Multi-plane_read_count,Multi-plane_SOML_read_count,SOML_read_count,Write_request_count,Write_request_average_size,Read_request_average_response_time,Write_request_average_response_time
"trace_random_size128_time9000000_p[0.8, 0.2].out",241215,17,34610,207886,74465,560710,719737,128.008774,523380,1341429
"trace_random_size64_time9000_p[0.8, 0.2].out",110334,1357,10310,130667,317386,335531,720106,63.997505,79283763163,38916815627
"trace_random_size8_time9000_p[0.2, 0.8].out",10976,60,3651,17703,716159,333379,179519,11.16786,18443836495,3781720307
"trace_random_size16_time900000_p[0.2, 0.8].out",78161,0,296,11763,172217,973021,180108,16.774506,144784,406319
"trace_random_size32_time9000000_p[0.2, 0.8].out",282297,0,6979,63379,201696,958837,180970,32.027451,195912,542947
"trace_random_size8_time900000_p[0.5, 0.5].out",29961,0,48,9807,217703,772404,450001,11.166183,134518,361347
"trace_random_size32_time9000_p[0.5, 0.5].out",74682,1821,5385,141623,649852,266877,449913,32.03054,41827800765,13583510189
"trace_random_size128_time9000000_p[0.2, 0.8].out",1091947,48,188260,631613,182133,638356,179717,128.004257,523979,1357917
"trace_random_size8_time90000_p[0.5, 0.5].out",19698,20,798,19372,525426,452645,450113,11.168018,680730,569172
"trace_random_size64_time9000000_p[0.2, 0.8].out",668917,0,94867,197261,210431,745262,180070,64.042892,322193,817929
"trace_random_size64_time9000000_p[0.5, 0.5].out",384797,0,54563,170034,164167,671124,450214,63.985874,318518,818869
"trace_random_size8_time9000000_p[0.8, 0.2].out",37823,0,3,14984,241739,597955,719835,11.167713,104906,356180
"trace_random_size128_time90000_p[0.2, 0.8].out",297119,80456,63642,1050412,493340,172786,180091,128.020691,62672863666,51591054452
"trace_random_size64_time90000_p[0.8, 0.2].out",110893,1275,10370,130241,316845,335895,720381,64.036438,43061905323,21182280606
"trace_random_size16_time9000000_p[0.8, 0.2].out",60728,0,54,17577,209676,580435,719346,16.759941,129806,407201
"trace_random_size16_time90000000_p[0.8, 0.2].out",60573,0,68,17749,209540,580933,720102,16.768063,130242,407292
"trace_random_size64_time90000000_p[0.2, 0.8].out",667885,0,95416,198107,208233,747518,179127,64.029213,322320,818975
"trace_random_size32_time90000_p[0.8, 0.2].out",61523,167,3287,68015,421072,298419,719398,31.988146,15240089505,4950505221
"trace_random_size128_time900000_p[0.8, 0.2].out",242969,145,34364,206981,77753,557981,719998,128.053192,762259,1441364
"trace_random_size8_time900000_p[0.8, 0.2].out",38009,0,3,15077,242109,597240,719842,11.172132,148327,356139
"trace_random_size8_time9000000_p[0.5, 0.5].out",29763,0,6,9614,215402,774895,449311,11.164676,105110,360942
"trace_random_size128_time900000_p[0.2, 0.8].out",1079783,452,188402,638403,182481,634212,179527,127.96756,583138,1389753
"trace_random_size32_time90000000_p[0.5, 0.5].out",185141,0,4280,57793,223633,764009,450495,32.001141,193570,546861
"trace_random_size8_time90000000_p[0.8, 0.2].out",37590,0,1,15106,242189,597435,720237,11.162965,104942,356012
"trace_random_size64_time90000_p[0.2, 0.8].out",184564,20176,25637,526052,674692,193929,180391,64.065445,17579142267,8663847626
"trace_random_size128_time90000000_p[0.5, 0.5].out",625418,33,100369,463752,131893,623286,449211,128.014008,523347,1355293
"trace_random_size8_time90000_p[0.2, 0.8].out",20984,11,920,8186,315262,752737,179438,11.197605,344757,488149
"trace_random_size128_time90000_p[0.8, 0.2].out",178837,8383,23271,249665,227958,369153,720085,128.002029,98946552192,81762046994
"trace_random_size64_time900000_p[0.2, 0.8].out",664648,13,94434,199921,210186,744816,180367,63.997509,353651,821332
"trace_random_size16_time9000000_p[0.5, 0.5].out",68243,0,120,16338,220119,785940,449979,16.772581,130179,414912
"trace_random_size64_time9000_p[0.2, 0.8].out",183108,20252,24558,527646,676672,193713,180257,63.976616,53855717348,26528139424
"trace_random_size64_time90000000_p[0.5, 0.5].out",384743,0,53463,170583,165319,670690,450614,63.96666,318170,818670
"trace_random_size16_time90000000_p[0.2, 0.8].out",77954,0,192,11659,171301,973827,179411,16.766605,130876,405470
"trace_random_size64_time900000_p[0.5, 0.5].out",384022,16,53980,171622,165998,669235,450034,63.980034,393428,827377
"trace_random_size64_time9000_p[0.5, 0.5].out",169643,10530,16163,326853,516807,270905,450330,64.013069,67219725976,33031634180
"trace_random_size16_time9000000_p[0.2, 0.8].out",77276,0,187,11504,171776,975337,179335,16.777813,130987,406487
"trace_random_size16_time90000_p[0.8, 0.2].out",33385,16,1111,42170,482234,283818,719890,16.767958,2797749398,677077861
"trace_random_size16_time9000_p[0.2, 0.8].out",30063,469,5886,54150,772094,314939,180205,16.759447,22945856709,5527243114
"trace_random_size64_time900000_p[0.8, 0.2].out",162135,2,19790,84118,110258,564207,719920,64.014214,429538,820564
"trace_random_size16_time90000_p[0.2, 0.8].out",58213,165,3290,29259,427496,691816,179942,16.785303,470392,590052
"trace_random_size128_time900000_p[0.5, 0.5].out",619361,564,98838,467368,133829,619078,449898,128.009674,675601,1427244
"trace_random_size8_time9000_p[0.5, 0.5].out",12631,33,1622,25727,712014,258784,450114,11.176966,25344170411,5222068536
"trace_random_size128_time9000_p[0.8, 0.2].out",177729,8500,23210,249242,226415,370122,720309,128.023117,135641365453,111637799738
"trace_random_size8_time90000000_p[0.5, 0.5].out",29943,0,5,9703,215055,774688,449988,11.174069,105146,361536
"trace_random_size128_time9000_p[0.2, 0.8].out",297594,80242,63893,1048954,493704,173033,180770,128.021362,99216422733,81646791500
"trace_random_size32_time90000_p[0.2, 0.8].out",116034,3256,10428,182502,711490,348869,180399,32.019672,1117507,964525
"trace_random_size128_time9000_p[0.5, 0.5].out",299715,44775,43881,627329,370021,282853,449809,128.033875,118193504102,97126820864
"trace_random_size32_time900000_p[0.8, 0.2].out",103620,0,1717,33466,189333,560990,720394,32.033974,261394,538325
"trace_random_size16_time9000_p[0.5, 0.5].out",27893,200,2845,52584,700216,264228,450960,16.778059,29916857799,7221864631
"trace_random_size16_time90000000_p[0.5, 0.5].out",67710,0,139,16159,219626,787631,450231,16.765198,130192,414562
"trace_random_size8_time9000000_p[0.2, 0.8].out",25290,0,15,4100,142877,931923,179933,11.163061,105521,348192
"trace_random_size64_time90000_p[0.5, 0.5].out",171506,10398,16901,325278,516439,273228,449703,64.020233,30972980664,15227791182
"trace_random_size32_time90000000_p[0.8, 0.2].out",103111,0,1740,33581,190388,560812,720123,32.008244,192534,537707
"trace_random_size32_time90000_p[0.5, 0.5].out",76567,1666,5323,140941,644502,272686,450083,32.061672,6322739468,2047243284
"trace_random_size16_time90000_p[0.5, 0.5].out",36636,145,2038,45576,603985,368930,449961,16.751709,864571,697148
"trace_random_size8_time9000_p[0.8, 0.2].out",21028,0,609,30777,546976,276497,719683,11.156111,32834533625,6779697958
"trace_random_size32_time9000000_p[0.5, 0.5].out",185301,0,4180,57581,224090,765815,450066,31.999882,193655,547224
"trace_random_size128_time9000000_p[0.5, 0.5].out",625977,30,99871,463474,131631,624208,449483,127.974159,523680,1354961
"trace_random_size64_time90000000_p[0.8, 0.2].out",162766,0,19893,84263,109011,565074,719762,63.998981,316223,808129
"trace_random_size16_time900000_p[0.8, 0.2].out",60305,0,58,17612,210247,581275,719129,16.767908,179115,407288
"trace_random_size128_time90000_p[0.5, 0.5].out",299905,44634,44001,627639,369974,282675,449576,128.037994,81640328142,67144888621
"trace_random_size32_time9000_p[0.2, 0.8].out",90051,4317,9767,202104,777097,265368,180352,32.017906,33286150777,10747462806
"trace_random_size32_time90000000_p[0.2, 0.8].out",282574,0,6907,63304,201195,960254,179552,32.011681,195883,543296
"trace_random_size16_time9000_p[0.8, 0.2].out",33234,9,1372,42454,483365,281873,720330,16.781246,37795083825,9139773561
"trace_random_size128_time90000000_p[0.2, 0.8].out",1090731,63,187861,631382,182085,638502,180098,127.959946,523834,1357260
"trace_random_size64_time9000000_p[0.8, 0.2].out",162395,0,19958,83873,108759,564197,719713,63.988636,315981,807454
"trace_random_size128_time90000000_p[0.8, 0.2].out",241501,15,34377,208917,74595,561914,719266,128.005951,523717,1341520
"trace_random_size16_time900000_p[0.5, 0.5].out",68606,0,169,16542,220504,786829,449509,16.786877,163572,415335
"trace_random_size8_time900000_p[0.2, 0.8].out",25288,0,38,4127,143660,930516,181057,11.159022,117170,347887
"trace_random_size32_time900000_p[0.2, 0.8].out",282168,0,7171,63248,203868,957813,179649,32.031555,215124,543604
"trace_random_size32_time9000000_p[0.8, 0.2].out",103574,0,1559,33203,189775,561634,720394,32.055885,192457,537785
"trace_random_size8_time90000000_p[0.2, 0.8].out",25399,0,9,4060,141789,932824,180078,11.171837,105527,348447
"trace_random_size8_time90000_p[0.8, 0.2].out",22319,4,383,29833,535467,288998,719791,11.153633,328342763,68144594
"trace_random_size32_time9000_p[0.8, 0.2].out",60666,216,3218,68456,422076,297060,719802,32.017433,50808203955,16535082469
"trace_random_size32_time900000_p[0.5, 0.5].out",184750,0,4430,58399,224772,762136,450266,32.057449,239478,547976
