filename,Normal_page_read_count,Multi-plane_one_shot_read_count,One_shot_read_count,Multi-plane_read_count,Multi-plane_SOML_read_count,SOML_read_count,Write_request_count,Write_request_average_size,Read_request_average_response_time,Write_request_average_response_time
"trace_random_size128_time9000000_p[0.8, 0.2].out",341166,1,12828,180258,171473,484468,719737,128.008774,557000,1156207
"trace_random_size64_time9000_p[0.8, 0.2].out",156149,27,7294,103002,343543,335952,720106,63.99715,85044413538,38103170590
"trace_random_size8_time9000_p[0.2, 0.8].out",11102,1,2306,17669,679296,374721,179519,11.167772,16962929985,3338819835
"trace_random_size16_time900000_p[0.2, 0.8].out",73943,0,84,15889,252228,889685,180108,16.774429,155830,424705
"trace_random_size32_time9000000_p[0.2, 0.8].out",292973,0,2427,57133,279234,896818,180970,32.027451,214320,544774
"trace_random_size8_time900000_p[0.5, 0.5].out",23102,0,5,16200,370721,613765,450001,11.166189,147748,387127
"trace_random_size32_time9000_p[0.5, 0.5].out",106961,25,5890,118930,577241,361914,449913,32.030876,45202956491,13833169898
"trace_random_size128_time9000000_p[0.2, 0.8].out",1391878,9,56772,635211,278639,629440,179717,128.004257,559737,1174087
"trace_random_size8_time90000_p[0.5, 0.5].out",16693,1,468,22051,581615,395398,450113,11.168011,633261,520685
"trace_random_size64_time9000000_p[0.2, 0.8].out",828185,0,32877,138547,363973,735867,180070,64.042892,354977,774391
"trace_random_size64_time9000000_p[0.5, 0.5].out",501684,0,19592,116413,337546,593035,450214,63.985874,351829,771745
"trace_random_size8_time9000000_p[0.8, 0.2].out",25594,0,0,26191,430057,399664,719835,11.167713,109988,377706
"trace_random_size128_time90000_p[0.2, 0.8].out",553606,10291,65242,1086973,487282,265454,180091,128.024612,69939983844,48582832424
"trace_random_size64_time90000_p[0.8, 0.2].out",157602,14,6711,102497,341164,338933,720381,64.035263,48833921256,21963563866
"trace_random_size16_time9000000_p[0.8, 0.2].out",44676,0,20,32248,368094,408949,719346,16.759941,138183,418305
"trace_random_size16_time90000000_p[0.8, 0.2].out",44766,0,21,32213,368441,409169,720102,16.768063,138782,418550
"trace_random_size64_time90000000_p[0.2, 0.8].out",828124,0,33588,138332,363943,736618,179127,64.029213,355095,775188
"trace_random_size32_time90000_p[0.8, 0.2].out",70656,1,1295,61758,413392,316505,719398,31.988146,18377877145,5626595306
"trace_random_size128_time900000_p[0.8, 0.2].out",335910,11,14013,181648,171885,483455,719998,128.051682,765404,1211682
"trace_random_size8_time900000_p[0.8, 0.2].out",25536,0,4,26451,428785,400492,719842,11.172153,164248,377983
"trace_random_size8_time9000000_p[0.5, 0.5].out",22878,0,1,16017,368747,615805,449311,11.164676,110374,386276
"trace_random_size128_time900000_p[0.2, 0.8].out",1390531,57,53376,641828,278590,627971,179527,127.967606,615104,1187844
"trace_random_size32_time90000000_p[0.5, 0.5].out",187283,0,1447,57896,337621,656226,450495,32.001141,211989,545262
"trace_random_size8_time90000000_p[0.8, 0.2].out",25242,0,1,26418,429824,399733,720237,11.162965,110121,377406
"trace_random_size64_time90000_p[0.2, 0.8].out",331995,1289,35920,461492,617571,315241,180391,64.064919,21897916062,9863535574
"trace_random_size128_time90000000_p[0.5, 0.5].out",843042,1,36917,423703,230817,577400,449211,128.014008,557837,1169771
"trace_random_size8_time90000_p[0.2, 0.8].out",19042,0,355,10090,386780,681232,179438,11.197734,327519,420965
"trace_random_size128_time90000_p[0.8, 0.2].out",265415,337,15998,228373,244253,378978,720085,128.002029,110290737750,76790067410
"trace_random_size64_time900000_p[0.2, 0.8].out",823882,1,32890,140256,366253,733573,180367,63.998028,383464,774893
"trace_random_size16_time9000000_p[0.5, 0.5].out",57685,0,42,26282,354996,642066,449979,16.772581,138781,431416
"trace_random_size64_time9000_p[0.2, 0.8].out",331422,1265,35375,462004,618625,316216,180257,63.97665,58267890481,26187276007
"trace_random_size64_time90000000_p[0.5, 0.5].out",504039,0,17560,116001,335870,597744,450614,63.96666,351724,771797
"trace_random_size16_time90000000_p[0.2, 0.8].out",74066,0,58,15469,250926,890930,179411,16.766605,139891,424592
"trace_random_size64_time900000_p[0.5, 0.5].out",501640,0,18578,118065,337936,593131,450034,63.980068,420584,773228
"trace_random_size64_time9000_p[0.5, 0.5].out",288806,236,19277,265566,486712,356867,450330,64.012421,73359002292,32929720256
"trace_random_size16_time9000000_p[0.2, 0.8].out",73241,0,77,15436,251237,892462,179335,16.777813,139971,425997
"trace_random_size16_time90000_p[0.8, 0.2].out",33783,0,366,41596,481697,287540,719890,16.767784,4706869798,1085064020
"trace_random_size16_time9000_p[0.2, 0.8].out",35184,19,4997,50204,709364,385889,180205,16.759502,21824380426,5004349107
"trace_random_size64_time900000_p[0.8, 0.2].out",208314,0,8131,61507,267505,441017,719920,64.013199,451411,759821
"trace_random_size16_time90000_p[0.2, 0.8].out",57222,3,1815,30920,462298,660144,179942,16.785379,434266,508706
"trace_random_size128_time900000_p[0.5, 0.5].out",831204,61,35106,431419,232705,574487,449898,128.013382,693522,1205275
"trace_random_size8_time9000_p[0.5, 0.5].out",13728,0,1132,24549,666772,307115,450114,11.177209,26865068454,5323708149
"trace_random_size128_time9000_p[0.8, 0.2].out",268071,385,14592,228376,243445,379040,720309,128.023117,146946609452,101967101072
"trace_random_size8_time90000000_p[0.5, 0.5].out",23098,0,2,16084,369568,614452,449988,11.174069,110344,386354
"trace_random_size128_time9000_p[0.2, 0.8].out",551520,10299,65195,1086668,488168,265028,180770,128.021042,106399628104,73680673879
"trace_random_size32_time90000_p[0.2, 0.8].out",146233,87,11061,164203,658484,425429,180399,32.019722,1116670,1296007
"trace_random_size128_time9000_p[0.5, 0.5].out",505650,2803,41381,621585,364156,353629,449809,128.037521,129058023083,89445037775
"trace_random_size32_time900000_p[0.8, 0.2].out",94798,0,602,42415,314224,430415,720394,32.033688,278089,532163
"trace_random_size16_time9000_p[0.5, 0.5].out",33922,3,2271,47423,640328,331419,450960,16.778185,32039343214,7374842574
"trace_random_size16_time90000000_p[0.5, 0.5].out",57156,0,48,25985,356182,642349,450231,16.765198,138816,430659
"trace_random_size8_time9000000_p[0.2, 0.8].out",22850,0,5,6452,229013,843676,179933,11.163061,111057,373740
"trace_random_size64_time90000_p[0.5, 0.5].out",287316,170,19537,266980,487633,356311,449703,64.021347,36964351286,16592528237
"trace_random_size32_time90000000_p[0.8, 0.2].out",95025,0,591,41954,315427,430617,720123,32.008244,210705,531994
"trace_random_size32_time90000_p[0.5, 0.5].out",108725,9,5645,117924,575244,364844,450083,32.061871,9639631790,2943823681
"trace_random_size16_time90000_p[0.5, 0.5].out",36414,1,1653,45925,612875,361679,449961,16.751989,925514,856076
"trace_random_size8_time9000_p[0.8, 0.2].out",19829,0,209,31580,552892,271587,719683,11.156093,34587355374,6863451191
"trace_random_size32_time9000000_p[0.5, 0.5].out",187202,0,1441,57805,337382,658447,450066,31.999882,212125,545457
"trace_random_size128_time9000000_p[0.5, 0.5].out",855333,7,31632,423051,231514,580689,449483,127.974159,558129,1170402
"trace_random_size64_time90000000_p[0.8, 0.2].out",209712,0,7946,61298,267036,441887,719762,63.998981,349553,758579
"trace_random_size16_time900000_p[0.8, 0.2].out",44221,0,19,32340,368521,409868,719129,16.768852,192687,418411
"trace_random_size128_time90000_p[0.5, 0.5].out",514918,2661,37483,622647,363787,355246,449576,128.039444,92522368268,64095540240
"trace_random_size32_time9000_p[0.2, 0.8].out",129789,154,12347,177302,691665,377949,180352,32.018047,33886955438,10331038250
"trace_random_size32_time90000000_p[0.2, 0.8].out",293062,0,2411,57155,278402,898396,179552,32.011681,214265,545175
"trace_random_size16_time9000_p[0.8, 0.2].out",33367,2,412,42182,484508,284160,720330,16.781569,39821856201,9171666760
"trace_random_size128_time90000000_p[0.2, 0.8].out",1391308,9,57341,633633,278802,628604,180098,127.959946,559647,1173030
"trace_random_size64_time9000000_p[0.8, 0.2].out",209712,0,7683,60999,266509,441716,719713,63.988636,349410,757917
"trace_random_size128_time90000000_p[0.8, 0.2].out",342459,2,12864,180045,171193,486734,719266,128.005951,556458,1156646
"trace_random_size16_time900000_p[0.5, 0.5].out",58063,0,56,26305,357455,641310,449509,16.787197,176371,431706
"trace_random_size8_time900000_p[0.2, 0.8].out",22816,0,8,6499,232528,839600,181057,11.15911,126078,373595
"trace_random_size32_time900000_p[0.2, 0.8].out",292436,0,2350,57548,281161,896155,179649,32.031483,233255,546113
"trace_random_size32_time9000000_p[0.8, 0.2].out",94797,0,536,42015,315064,430621,720394,32.055885,210694,531795
"trace_random_size8_time90000000_p[0.2, 0.8].out",22865,0,0,6495,229974,842451,180078,11.171837,111056,374014
"trace_random_size8_time90000_p[0.8, 0.2].out",20213,0,96,31404,550035,274518,719791,11.153481,1198728971,237915163
"trace_random_size32_time9000_p[0.8, 0.2].out",69930,3,1406,62155,414475,314776,719802,32.016338,53847804164,16523960510
"trace_random_size32_time900000_p[0.5, 0.5].out",187064,0,1576,58356,338051,655243,450266,32.057087,258268,546436
