filename,Normal_page_read_count,Multi-plane_one_shot_read_count,One_shot_read_count,Multi-plane_read_count,Multi-plane_SOML_read_count,SOML_read_count,Write_request_count,Write_request_average_size,Read_request_average_response_time,Write_request_average_response_time
"trace_seq_size8_time9000000_p[0.8, 0.2].out",25508,0,385,22503,13842,206519,720243,11.18881,76985,130582
"trace_seq_size128_time9000_p[0.5, 0.5].out",458913,99,8231,603516,486071,157579,450186,128.022018,113384350867,64076905746
"trace_seq_size32_time9000_p[0.5, 0.5].out",71801,10,2311,149998,374786,190313,450036,32.02919,31910920361,7516426356
"trace_seq_size64_time900000_p[0.5, 0.5].out",614079,0,972,2242,182296,814463,450143,63.991653,310899,666849
"trace_seq_size16_time9000_p[0.8, 0.2].out",28356,3,660,43349,125942,94070,719914,16.76737,13516017499,1652874048
"trace_seq_size32_time9000000_p[0.2, 0.8].out",301876,1,742,34779,63320,1098671,179726,31.975073,148520,538346
"trace_seq_size8_time90000_p[0.5, 0.5].out",21604,0,767,48391,103487,346718,449570,11.195145,211878,217144
"trace_seq_size8_time9000_p[0.2, 0.8].out",8375,3,561,37454,227499,151900,179878,11.185788,3143341437,1051337271
"trace_seq_size128_time900000_p[0.8, 0.2].out",535076,0,352,57464,281018,147941,719521,128.013672,602457,917700
"trace_seq_size128_time90000000_p[0.8, 0.2].out",537470,0,340,54731,281338,146858,720456,127.995102,274655,919078
"trace_seq_size8_time90000_p[0.2, 0.8].out",21283,2,693,31856,87403,564985,180431,11.166696,133955,318610
"trace_seq_size16_time9000000_p[0.8, 0.2].out",42655,0,566,29662,20251,250847,719676,16.785879,98544,191863
"trace_seq_size128_time90000000_p[0.5, 0.5].out",1336023,0,1210,180576,602050,227465,449896,127.987587,278790,1016946
"trace_seq_size128_time90000000_p[0.2, 0.8].out",2121474,0,236,359611,771602,164958,179818,128.003525,282944,1101461
"trace_seq_size32_time90000_p[0.2, 0.8].out",164753,1,655,110837,244084,450096,180356,31.986204,496951,658573
"trace_seq_size64_time9000000_p[0.2, 0.8].out",1044218,0,347,0,119316,1171617,179984,64.037712,185604,763657
"trace_seq_size32_time9000_p[0.8, 0.2].out",63358,2,1049,66840,149291,143199,719940,32.006836,31158573575,5926375663
"trace_seq_size32_time90000000_p[0.8, 0.2].out",109245,0,689,25506,43414,317250,719749,32.005428,143508,333268
"trace_seq_size128_time90000_p[0.5, 0.5].out",460795,42,8221,602748,488136,157558,449907,127.986839,76825372827,43488855210
"trace_seq_size32_time90000_p[0.8, 0.2].out",74150,0,944,56687,131055,168663,720195,32.039417,999874,421799
"trace_seq_size16_time90000_p[0.8, 0.2].out",39200,0,574,32265,51845,189952,720167,16.798443,443711,201150
"trace_seq_size32_time9000_p[0.2, 0.8].out",80996,11,1830,171095,385507,227544,180480,31.983425,21746248064,6179077162
"trace_seq_size8_time9000000_p[0.5, 0.5].out",25150,1,755,46389,53589,520187,449749,11.149608,82495,205508
"trace_seq_size64_time900000_p[0.8, 0.2].out",233267,0,291,197,76364,406574,720046,63.98988,333646,560771
"trace_seq_size128_time900000_p[0.5, 0.5].out",1297626,0,1133,197906,591358,231751,449564,128.003372,530595,1016464
"trace_seq_size8_time900000_p[0.5, 0.5].out",25360,0,769,46064,53047,517429,450823,11.156095,101602,205131
"trace_seq_size8_time900000_p[0.8, 0.2].out",25215,0,449,22372,13504,206008,721109,11.162107,91596,130173
"trace_seq_size16_time90000000_p[0.2, 0.8].out",71121,1,894,37896,43858,956309,180143,16.835958,107321,381562
"trace_seq_size8_time90000000_p[0.8, 0.2].out",25579,0,387,22679,13612,208071,719512,11.168679,77026,130690
"trace_seq_size16_time9000_p[0.2, 0.8].out",19027,4,876,63305,311592,177921,180318,16.769716,7169736149,2143762636
"trace_seq_size128_time9000_p[0.8, 0.2].out",330942,19,1422,167218,253769,125553,719969,128.011856,117445796065,63196256379
"trace_seq_size16_time9000_p[0.5, 0.5].out",24216,7,1216,82244,303622,129789,450719,16.798771,13174393045,2508698758
"trace_seq_size64_time90000000_p[0.5, 0.5].out",619073,0,1022,0,176656,827968,450367,64.023773,184047,666205
"trace_seq_size128_time900000_p[0.2, 0.8].out",2061526,0,245,384426,759760,170718,179873,128.00148,400946,1105123
"trace_seq_size8_time9000_p[0.5, 0.5].out",12795,6,589,54009,242135,99984,449295,11.180831,6435962797,1141656037
"trace_seq_size64_time90000000_p[0.8, 0.2].out",234228,0,299,0,75644,407446,720069,64.013161,182383,559144
"trace_seq_size32_time90000_p[0.5, 0.5].out",81016,4,2332,147632,343959,216388,449569,32.03471,1892132,1037525
"trace_seq_size64_time90000000_p[0.2, 0.8].out",1043543,0,331,0,119694,1171242,180286,63.966087,185643,765037
"trace_seq_size32_time9000000_p[0.8, 0.2].out",112954,0,670,26761,41074,314020,719753,32.022396,143518,333532
"trace_seq_size32_time90000000_p[0.2, 0.8].out",301157,3,722,35408,62526,1096070,180292,32.07019,148375,538596
"trace_seq_size8_time900000_p[0.2, 0.8].out",25667,6,777,29871,44855,853658,180169,11.166403,100555,302115
"trace_seq_size16_time90000000_p[0.8, 0.2].out",42591,0,600,29759,19734,249487,720215,16.771118,98405,191387
"trace_seq_size16_time900000_p[0.2, 0.8].out",70482,1,929,37825,42877,954604,179279,16.807735,126419,381380
"trace_seq_size8_time90000_p[0.8, 0.2].out",24417,0,372,23186,27597,172311,720238,11.171214,261769,134416
"trace_seq_size8_time90000000_p[0.2, 0.8].out",25534,2,790,29791,44895,856899,180024,11.171506,88037,302463
"trace_seq_size128_time90000_p[0.8, 0.2].out",332919,0,1342,166835,254798,125328,719737,128.018936,81441593645,43693793840
"trace_seq_size32_time900000_p[0.2, 0.8].out",300203,0,757,35744,62604,1090717,180205,32.019505,183587,540099
"trace_seq_size16_time9000000_p[0.5, 0.5].out",57655,0,1448,59998,58421,599967,450299,16.784006,102906,281959
"trace_seq_size32_time900000_p[0.8, 0.2].out",108054,0,679,24488,44570,316954,720319,32.033054,205275,333226
"trace_seq_size64_time9000000_p[0.8, 0.2].out",234533,0,291,0,75246,409584,719682,63.984432,182422,560538
"trace_seq_size32_time9000000_p[0.5, 0.5].out",206509,1,2017,52719,97636,718504,450157,31.999844,146032,438498
"trace_seq_size128_time9000_p[0.2, 0.8].out",387853,441,8953,1098497,524161,99324,180908,127.977516,92418200905,54862563047
"trace_seq_size64_time90000_p[0.5, 0.5].out",186780,8,4207,274458,438676,233692,450567,64.0093,24689255568,8992817133
"trace_seq_size64_time9000_p[0.2, 0.8].out",216212,34,4184,459501,454647,177391,180116,63.964928,47174007998,18906088175
"trace_seq_size16_time9000000_p[0.2, 0.8].out",70249,2,867,38030,43508,956876,180166,16.743074,107240,379595
"trace_seq_size128_time9000000_p[0.5, 0.5].out",1336775,0,1123,181545,600706,227467,449679,127.998535,278824,1015750
"trace_seq_size8_time90000000_p[0.5, 0.5].out",25297,0,796,46226,53619,520823,449248,11.161341,82552,205498
"trace_seq_size16_time900000_p[0.8, 0.2].out",42425,0,533,29913,20066,249491,719783,16.774065,124881,191485
"trace_seq_size32_time90000000_p[0.5, 0.5].out",206337,1,1974,51605,100610,720141,449838,32.041325,146138,438720
"trace_seq_size64_time9000_p[0.8, 0.2].out",122790,4,1114,81809,179918,219219,719266,63.977142,60934258574,19917471958
"trace_seq_size64_time90000_p[0.2, 0.8].out",233890,11,4092,448711,447992,189734,180337,64.031837,11263176724,4505388066
"trace_seq_size64_time9000000_p[0.5, 0.5].out",619285,0,970,0,177050,829677,449697,64.007889,184008,666852
"trace_seq_size16_time90000_p[0.5, 0.5].out",42460,0,1269,69202,155509,338470,450037,16.797943,358043,306021
"trace_seq_size16_time90000_p[0.2, 0.8].out",53374,2,741,46220,118307,552902,180357,16.781202,205527,412779
"trace_seq_size128_time90000_p[0.2, 0.8].out",387734,494,9181,1100271,525504,97618,179721,128.020355,55717134369,33238153037
"trace_seq_size128_time9000000_p[0.2, 0.8].out",2122307,0,246,361183,771440,164056,179340,128.004898,282939,1101647
"trace_seq_size8_time9000000_p[0.2, 0.8].out",25846,3,814,29548,44687,855850,179939,11.169279,88033,301594
"trace_seq_size32_time900000_p[0.5, 0.5].out",206080,0,2019,53202,97450,713262,450345,32.056667,209033,439896
"trace_seq_size64_time90000_p[0.8, 0.2].out",123695,0,1035,80038,179522,220400,720168,64.060501,24914871996,8138830136
"trace_seq_size64_time9000_p[0.5, 0.5].out",181768,20,4367,278043,442808,230287,449503,64.059395,60915783100,22120184790
"trace_seq_size16_time90000000_p[0.5, 0.5].out",57714,0,1339,60083,57865,600570,449732,16.800346,102833,281625
"trace_seq_size128_time9000000_p[0.8, 0.2].out",540039,0,355,55494,283472,146711,719530,128.043121,274770,918315
"trace_seq_size64_time900000_p[0.2, 0.8].out",1036955,0,319,3610,127898,1149173,180132,63.985661,250081,765855
"trace_seq_size16_time900000_p[0.5, 0.5].out",56748,0,1330,60165,58402,595707,450375,16.771227,134197,281619
"trace_seq_size8_time9000_p[0.8, 0.2].out",18378,1,470,30491,104164,68148,719325,11.160949,6926916026,666041865
